1 Ag Silver 39.82 -1.1119E-02 3.5369E-06 -2.0574E-10 1234 5128
2 AgCl Silver Chloride 61.72 1.6805E-02 -1.7007E-05 5.3955E-09 728 2394
3 AgI Silver Iodide 54.78 1.3951E-02 -1.5305E-05 5.1269E-09 825 2318
4 Al Aluminum 39.03 -9.9702E-03 3.4048E-06 -1.6971E-10 933 5721
5 AlBr3 Aluminun Bromide -50.05 1.3697E+00 -3.4966E-03 2.9198E-06 390 610
6 AlCl3 Aluminum Chloride 29439.24 -1.7942E+02 3.6554E-01 -2.4786E-04 466 503
7 AlF3 Aluminum Fluoride 276.43 -2.3029E-01 1.0619E-04 -1.3480E-08 1313 2359
8 AlI3 Aluminum Iodide 109.63 1.8446E-01 -5.2505E-04 4.3380E-07 464 786
9 Al2O3 Aluminum Oxide 401.25 -1.7736E-01 4.5180E-05 -3.0999E-09 2325 4268
10 Ar Argon 440.30 -1.0095E+01 8.1712E-02 -2.0216E-04 84 143
11 AsBr3 Arsenic Tribromide 178.30 -2.0895E-01 8.1465E-05 3.0548E-07 306 750
12 AsCl3 Arsenic Trichloride 167.40 -2.8114E-01 2.4063E-04 3.8305E-07 255 621
13 AsF3 Arsenic Trifluoride 297.64 -1.3133E+00 2.6960E-03 -1.1127E-06 267 504
14 AsF5 Arsenic Pentafluoride 339.77 -2.2900E+00 6.9853E-03 -4.5162E-06 193 340
15 AsH3 Arsine 124.87 -7.8635E-01 2.7795E-03 -2.3029E-06 156 354
16 At Astatine 179.45 -5.9492E-01 8.2288E-04 -3.5570E-07 575 877
17 Au Gold 22.04 1.0159E-02 -4.9341E-06 7.7228E-10 1337 3518
18 B Boron 44.68 -9.2975E-03 1.8846E-06 -6.6700E-11 2348 6348
19 BBr3 Boron Tribromide 151.73 -2.4545E-01 1.3117E-04 6.4708E-07 228 552
20 BCl3 Boron Trichloride 91.71 -2.5307E-02 2.2522E-04 4.2585E-07 166 429
21 BF3 Boron Trifluoride 229.39 -1.6881E+00 5.8510E-03 -1.3713E-06 146 248
22 BH2CO Borine Carbonyl 98.96 -3.7101E-01 7.8022E-04 1.1523E-06 136 323
23 B2D6 Deuterodiborane 164.80 -1.1667E+00 3.9201E-03 -1.5502E-06 170 279
24 B2H5Br Diborane Hydrobromide 135.03 -1.8405E-01 -9.7790E-05 1.4767E-06 169 444
25 B2H6 Diborane 113.03 -5.1807E-01 1.5363E-03 1.5122E-06 108 275
26 B3N3H6 Borine Triamine 206.88 -5.3952E-01 7.7322E-04 5.7364E-07 215 495
27 B4H10 Tetraborane 110.15 -4.6499E-02 -4.4712E-04 1.6870E-06 153 443
28 B5H9 Pentaborane 196.77 -5.4259E-01 9.3825E-04 7.6148E-08 226 540
29 B5H11 Tetrahydropentaborane 228.07 -6.1121E-01 9.0301E-04 4.0052E-07 230 520
30 B10H14 Decaborane 957.22 -3.6358E+00 6.5162E-03 -3.5033E-06 373 633
31 Ba Barium 52.21 -1.7787E-02 7.3625E-06 -4.7512E-10 1000 2858
32 Be Beryllium 41.32 -1.2794E-02 3.8763E-06 -2.5998E-10 1560 4160
33 BeBr2 Beryllium Bromide 1915718.00 -6.2339E+00 7.0923E-03 -2.6465E-06 763 973
34 BeCl2 Beryllium Chloride 887.65 -2.7540E+00 3.2132E-03 -1.2045E-06 678 990
35 BeF2 Beryllium Fluoride -1720570.00 6.2543E+00 -7.1497E-03 2.7221E-06 825 990
36 BeI2 Beryllium Iodide 1591358.00 -5.0808E+00 5.7324E-03 -2.1137E-06 761 990
37 Bi Bismuth 34.05 -9.3007E-03 4.8099E-06 -3.8013E-10 544 3696
38 BrF6 Bromine Pentafluoride 260.26 -5.9106E-01 3.1250E-04 2.1047E-06 212 447
39 Br2 Bromine 165.69 -6.5579E-01 1.3794E-03 -6.0832E-07 266 555
40 CCl2O Phosgene 148.65 -4.2379E-01 7.8886E-04 4.8919E-07 145 432
41 CF2O Carbonyl Fluoride 483.52 -4.8061E+00 1.9191E-02 -2.2284E-05 166 282
42 CH4N2O Urea 965.51 -5.0993E+00 1.0028E-02 -6.3799E-06 406 564
43 CH4N2S Thiourea 18.18 6.4960E-01 -1.1931E-03 9.1094E-07 454 611
44 CNCl Cyanogen Chloride 125.48 -1.0770E-02 -1.2687E-03 3.1665E-06 267 427
45 CNF Cyanogen Fluoride 228.04 -1.4944E+00 4.4216E-03 -2.7795E-06 200 350
46 CO Carbon Monoxide 125.60 -1.7022E+00 1.0707E-02 4.1854E-06 68 126
47 COS Carbonyl Sulfide 86.33 -9.2189E-03 -1.1739E-03 4.1043E-06 134 378
48 COSe Carbon Oxyselenide 208.23 -1.1561E+00 3.0770E-03 -1.5229E-06 200 386
49 CO2 Carbon Dioxide -3981020.00 5.2511E+01 -2.2708E-01 3.2866E-04 220 290
50 CS2 Carbon Disulfide 94.33 -1.5208E-01 2.1056E-04 3.2259E-07 164 540
51 CSeS Carbon Selenosulfide 110.49 -6.3675E-02 -2.2469E-04 8.2437E-07 198 548
52 C2N2 Cyanogen 273.33 -1.5946E+00 4.1012E-03 -1.9851E-06 239 380
53 Ca Calcium 57.36 -3.6594E-02 1.7589E-05 -2.1846E-09 1115 2634
54 CaF2 Calcium Fluoride 123.07 -7.3372E-03 -8.7482E-06 3.1959E-09 1691 3657
55 Cd Cadmium 37.74 -2.2836E-02 1.8623E-05 -3.7534E-09 594 1833
56 CdCl2 Cadmium Chloride 171.96 -1.4422E-01 8.5079E-05 -9.0911E-09 841 1616
57 CdF2 Cadmium Fluoride 91.95 2.2686E-02 -2.0834E-05 6.0000E-09 793 2637
58 CdI2 Cadmium Iodide 122.81 -4.5555E-02 6.4210E-06 1.6731E-08 658 1393
59 ClF Chlorine Monofluoride 142.66 -9.9143E-01 3.6076E-03 -1.4201E-06 128 268
60 ClFO3 Perchloryl Fluoride 78.59 1.3804E-01 -9.2420E-04 2.9980E-06 125 350
61 ClF3 Chlorine Trifluoride 172.73 -5.2736E-01 6.9492E-04 6.1428E-07 190 436
62 ClF5 Chlorine Pentafluoride 242.07 -1.0746E+00 2.7506E-03 -1.0820E-06 190 395
63 ClHO3S Chlorosulfonic Acid 140.32 1.6349E-02 3.5109E-04 7.0485E-07 193 665
64 ClHO4 Perchloric Acid 97.79 9.2028E-02 -2.8693E-04 7.5547E-07 172 599
65 ClO2 Chlorine Dioxide 186.15 -8.0657E-01 1.8068E-03 -5.0986E-07 214 442
66 Cl2 Chlorine 127.60 -6.0215E-01 1.5776E-03 -5.3099E-07 172 396
67 Cl2O Chlorine Monoxide 111.66 -1.3358E-01 -1.8421E-04 1.5449E-06 157 422
68 Cl2O7 Chlorine Heptoxide 176.30 -2.3104E-02 -6.0715E-04 1.6442E-06 182 537
69 Co Cobalt 50.69 -1.0565E-02 3.1419E-06 -2.0959E-10 1768 5919
70 CoCl2 Cobalt Chloride 283.47 -3.8809E-01 2.5473E-04 -4.9830E-08 1008 1724
71 Cr Chromium 48.76 -8.5202E-03 2.2133E-06 -1.2704E-10 2180 6849
72 CrO2Cl2 Chromium Oxychloride 133.28 6.7177E-02 -5.9599E-04 1.1291E-06 177 595
73 Cs Cesium 37.75 -1.6562E-02 1.3078E-05 9.0457E-10 302 1638
74 CsBr Cesium Bromide 84.81 -3.6931E-03 -1.0394E-05 6.6543E-09 909 2050
75 CsCl Cesium Chloride 86.26 -6.5198E-03 -8.6203E-06 6.2930E-09 919 2050
76 CsF Cesium Fluoride 95.42 -3.2010E-02 7.6367E-06 3.1870E-09 956 1986
77 CsI Cesium Iodide 76.15 -2.5229E-03 -1.0173E-05 6.3563E-09 894 2024
78 Cu Copper 30.28 4.8707E-03 -2.8866E-06 5.3382E-10 1358 4098
79 CuBr Cuprous Bromide 63.09 1.6494E-02 -2.0332E-05 7.5408E-09 777 2121
80 CuCl Cuprous Chloride 49.49 4.8240E-02 -4.2532E-05 1.2010E-08 703 1948
81 CuCl2 Cupric Chloride 193.68 -1.8981E-01 1.1338E-04 -1.4983E-08 906 1608
82 CuI Copper Iodide 68.36 6.4358E-03 -1.4481E-05 6.5529E-09 878 2097
83 DCN Deuterium Cyanide 255.99 -1.3002E+00 2.9514E-03 -1.4668E-06 261 458
84 D2 Deuterium 189.90 -2.5841E+01 1.2676E+00 -1.9855E-02 19 23
85 D2O Deuterium Oxide 463.37 -2.6757E+00 5.3338E-03 -3.4321E-06 277 612
86 Eu Europium 46.32 -1.2855E-02 5.6539E-06 -5.3980E-10 1095 4120
87 F2 Fluorine 83.83 -7.8518E-01 5.2305E-03 4.6617E-06 53 137
88 F2O Fluorine Oxide 58.55 5.6117E-02 -1.7926E-03 1.1093E-05 49 204
89 Fe Iron 63.68 -1.5748E-02 3.8125E-06 -1.6110E-10 1808 7472
90 FeC5O5 Iron Pentacarbonyl 228.92 -5.1929E-01 6.4325E-04 3.8803E-07 252 577
91 FeCl2 Ferrous Chloride 228.22 -2.6823E-01 1.7289E-04 -3.0882E-08 945 1693
92 FeCl3 Ferric Chloride 1095001.00 -4.3838E+00 6.5061E-03 -3.1125E-06 577 772
93 Fr Francium 32.92 -2.5393E-03 -3.9538E-06 7.4549E-09 300 1285
94 Ga Gallium 29.05 -3.9678E-03 1.4912E-06 -3.3666E-11 303 6096
95 GaCl3 Gallium Trichloride 93.61 4.6518E-01 -1.6817E-03 1.8248E-06 351 555
96 Gd Gadolinium 133.26 -1.4211E-01 6.6794E-05 -9.6818E-09 1587 2646
97 Ge Germanium 31.27 -3.9632E-03 1.1025E-06 -5.7618E-11 1211 6720
98 GeBr4 Germanium Bromide 209.18 -3.3541E-01 2.7356E-04 2.9745E-07 299 703
99 GeCl4 Germanium Chloride 182.72 -3.1903E-01 2.3749E-04 7.2826E-07 224 545
100 GeHCl3 Trichloro Germane 140.72 -1.4616E-01 -1.1764E-04 9.4426E-07 202 532
101 GeH4 Germane 74.54 -1.9734E-01 2.7866E-04 1.8467E-06 107 293
102 Ge2H6 Digermane 134.14 -6.9779E-02 -4.4032E-04 1.6999E-06 164 466
103 Ge3H8 Trigermane 168.17 1.0374E-01 -8.2277E-04 1.5394E-06 168 586
104 HBr Hydrogen Bromide -99.05 2.0735E+00 -8.9095E-03 1.2673E-05 186 345
105 HCN Hydrogen Cyanide 252.21 -1.4144E+00 3.0625E-03 -1.1827E-06 260 434
106 HCl Hydrogen Chloride 73.99 -1.2946E-01 -7.8980E-05 2.6409E-06 165 308
107 HF Hydrogen Fluoride 24.42 2.0382E-01 -9.4339E-04 1.8975E-06 190 438
108 HI Hydrogen Iodide 136.72 -7.2705E-01 1.9425E-03 -1.0279E-06 222 403
109 HNO3 Nitric Acid 214.48 -7.6762E-01 1.4970E-03 -3.0208E-07 239 494
110 H2 Hydrogen 50.61 -6.1136E+00 3.0930E-01 -4.1480E-03 14 32
111 H2O Water 92.05 -3.9953E-02 -2.1103E-04 5.3469E-07 273 615
112 H2O2 Hydrogen Peroxide -15.25 6.7693E-01 -1.4948E-03 1.2018E-06 273 694
113 H2S Hydrogen Sulfide 80.99 -1.2464E-01 -3.6053E-05 1.6942E-06 191 355
114 H2SO4 Sulfuric Acid 26.00 7.0337E-01 -1.3856E-03 1.0342E-06 298 879
115 H2S2 Hydrogen Disulfide 125.84 -6.4965E-02 -3.2435E-04 1.1672E-06 183 515
116 H2Se Hydrogen Selenide 336.56 -3.0726E+00 1.1266E-02 -1.2985E-05 209 329
117 H2Te Hydrogen Telluride 203.37 -1.1010E+00 2.7510E-03 -1.4212E-06 224 416
118 He Helium-3 13.02 -1.9604E+01 1.3057E+01 -2.1265E+00 1 3
119 He Helium-4 20.74 5.4005E+00 -7.5537E+00 1.5064E+00 2 5
120 Hf Hafnium 41.38 -2.2063E-03 3.6408E-07 -1.4709E-11 2506 9990
121 Hg Mercury 30.39 -1.0980E-02 9.4412E-06 6.7418E-10 234 1648
122 HgBr2 Mercuric Bromide 617.60 -2.3963E+00 3.5985E-03 -1.7236E-06 510 772
123 HgCl2 Mercuric Chloride 898.71 -3.7271E+00 5.6832E-03 -2.8002E-06 550 752
124 HgI2 Mercuric Iodide 460.18 -1.5511E+00 2.1514E-03 -9.3670E-07 532 862
125 IF7 Iodine Heptafluoride 748.65 -4.7652E+00 1.1750E-02 -7.9388E-06 279 425
126 I2 Iodine 314.00 -1.3711E+00 2.5657E-03 -1.4911E-06 387 655
127 In Indium 33.11 -5.9093E-03 2.3041E-06 -6.7111E-11 430 5384
128 Ir Iridium 47.31 -4.7730E-03 8.6371E-07 -3.7176E-11 2719 9990
129 K Potassium 35.96 -1.6870E-02 1.3313E-05 -1.8000E-09 336 2112
130 KBr Potassium Bromide 83.14 -1.5270E-02 -1.2769E-06 3.7604E-09 1003 2158
131 KCl Potassium Chloride 188.93 -1.8986E-01 8.7872E-05 -8.9111E-09 1044 2776
132 KF Potassium Fluoride 102.15 -4.2533E-02 1.4102E-05 4.2341E-10 1153 2313
133 KI Potassium Iodide 91.93 -2.7363E-02 5.2787E-06 3.0087E-09 996 2081
134 KOH Potassium Hydroxide 71.43 4.2195E-02 -4.8017E-05 1.7182E-08 679 2085
135 Kr Krypton 46.22 -1.9828E-03 -1.1330E-03 8.6959E-06 116 199
136 La Lanthanum 38.46 -4.1375E-03 1.0175E-06 -4.1321E-11 1193 7609
137 Li Lithium 36.13 -1.3610E-02 7.1002E-06 -2.2351E-10 454 3268
138 UBr Lithium Bromide 63.90 1.1805E-02 -1.8001E-05 7.4021E-09 820 2063
139 LiCl Lithium Chloride 65.14 8.1102E-03 -1.4493E-05 6.0732E-09 887 2157
140 LiF Lithium Fluoride 71.67 -4.5728E-03 -4.5210E-06 2.7042E-09 1143 2546
141 LiI Lithium Iodide 68.93 1.7582E-02 -2.6135E-05 1.1257E-08 719 1882
142 Lu Lutecium 97.00 6.9833E-02 2.3955E-05 -2.4553E-09 1936 3303
143 Mg Magnesium 71.61 6.2494E-02 1.6395E-05 6.8222E-09 923 1793
144 MgCl2 Magnesium Chloride 102.09 6.3316E-03 -9.3842E-06 6.1211E-09 985 2203
145 MgO Magnesiu Moxide 602.24 -3.6437E-01 7.5796E-05 -4.4385E-09 3105 4760
146 Mn Manganese 56.93 -1.2358E-02 3.9700E-06 -2.8287E-10 1519 5522
147 MnCl2 Manganese Chloride 123.63 -4.6248E-02 1.3019E-05 4.0716E-09 923 1906
148 Mo Molybdenum 52.90 -8.8880E-03 1.4542E-06 -5.2798E-11 2895 7696
149 MoF6 Molybdenum Fluoride 403.71 -1.8394E+00 3.8023E-03 -1.3783E-06 290 437
150 MoO3 Molybdenum Oxide 332.44 -4.0139E-01 2.4240E-04 -4.2807E-08 1068 1856
151 NCl3 Nitrogen Trichloride 192.64 6.1039E-01 1.0601E-03 6.3674E-08 246 536
152 ND3 Heavy Ammonia 237.68 -1.4495E+00 4.0877E-03 -2.3781E-06 199 369
153 NF3 Nitrogen Trifluoride 72.46 3.9006E-02 -1.8012E-03 1.0334E-05 66 222
154 NH3 Ammonia -182.16 3.3618E+00 -1.4398E-02 2.0371E-05 195 385
155 NH3O Hydroxylamine 488.20 -2.1067E+00 3.8692E-03 -1.5822E-06 306 545
156 NO Nitric Oxide 9860145.00 -2.1310E+02 1.5107E+00 -3.4573E-03 113 171
157 NOCl Nitrosyl Chloride 181.18 -8.2714E-01 1.9451E-03 6.3093E-07 214 419
158 NOF Nitrosyl Fluoride 136.59 -4.5808E-01 8.3378E-04 1.7172E-06 139 335
159 NO2 Nitrogen Dioxide -916.57 9.0550E+00 -2.5996E-02 2.5257E-05 298 410
160 N2 Nitrogen 76.45 -3.5226E-01 -2.6690E-03 5.0057E-05 64 120
161 N2F4 Tetrafluorohydrazine 111.71 -2.3800E-02 -1.4518E-03 6.6483E-06 112 294
162 N2H4 Hydrazine 71.03 2.4083E-01 -8.2965E-04 1.1247E-06 275 620
163 N2H4C Ammonium Cyanide 407.23 -1.9783E+00 4.0513E-03 -1.6224E-06 309 467
164 N2O Nitrous Oxide 220.90 -1.6908E+00 5.6320E-03 -3.6589E-06 182 294
165 N2O3 Nitrogen Trioxide 149.84 -4.4366E-02 -1.5130E-03 4.8628E-06 170 404
166 N2O4 Nitrogen Tetraoxide 397.50 -2.0622E+00 4.3168E-03 -8.9910E-07 262 410
167 N2O5 Nitrogen Pentoxide 341.50 -1.4532E+00 2.8336E-03 -8.4240E-07 303 490
168 Na Sodium 22.43 3.5211E-02 -4.4481E-05 1.6321E-08 371 2444
169 NaBr Sodium Bromide 133.30 -1.1628E-01 5.3381E-05 -5.3139E-09 1020 3430
170 NaCN Sodium Cyanide 69.09 3.8057E-02 -4.1570E-05 1.3878E-08 837 2320
171 NaCl Sodium Chloride 95.02 -3.1081E-02 9.6789E-07 5.5116E-09 1074 3230
172 NaF Sodium Fluoride 47.10 1.9241E-02 6.2969E-06 2.8598E-09 1269 5254
173 NaI Sodium Iodide 72.61 6.1075E-03 6.7740E-06 5.1489E-09 924 2055
174 NaOH Sodium Hydroxide 87.64 -4.8368E-04 -4.5423E-06 1.1863E-09 600 2700
175 Na2SO4 Sodium Sulfate 233.52 -9.5276E-03 -3.4665E-05 1.5771E-08 1157 3515
176 Nb Niobium 38.87 -3.2254E-03 5.5151E-07 -2.3346E-11 2750 9990
177 Nd Neodymium 53.56 -4.6994E-03 1.1701E-06 -5.1290E-11 1289 8532
178 Ne Neon 179.69 -1.2115E+01 2.9508E-01 -1.5396E-03 25 42
179 Ni Nickel 56.36 -1.2849E-02 3.9925E-06 -2.8218E-10 1728 5589
180 NiC4O4 Nickel Carbonyl 734.18 -4.6820E+00 1.3029E-02 -1.1077E-05 248 407
181 NiF2 Nickel Fluoride 666.23 -7.5541E-01 3.3374E-04 -4.6949E-08 1723 2623
182 O2 Oxygen 46.43 3.9506E-01 -7.0522E-03 3.9897E-05 54 147
183 O3 Ozone 40.28 8.1284E-01 -4.6303E-03 1.3033E-05 90 248
184 Os Osmium 45.09 5.1072E-03 8.4646E-07 -3.6497E-11 3306 9990
185 P Phosphorus - White 36.97 -5.8048E-02 9.0422E-05 -3.3467E-08 317 795
186 PBr3 Phosphorus Tribromide 131.02 1.0737E-02 -3.5824E-04 6.7766E-07 233 675
187 PCl2F3 Phosphorus Dichloridetrifluoride 340.03 -1.6902E+00 3.8192E-03 -1.5226E-06 265 434
188 PCl3 Phosphorus Trichloride 177.07 -4.6599E-01 8.2800E-04 1.8546E-07 240 535
189 PH3 Phosphine 120.48 -7.7634E-01 2.8214E-03 -1.6233E-06 139 309
190 PH4Br Phosphonium Bromide 109.15 6.3133E-02 -7.3509E-04 1.7678E-06 140 477
191 PH4Cl Phosphonium Chloride 2871578.00 -2.7664E+01 9.1944E-02 -9.4995E-05 245 306
192 PH4I Phosphonium Iodide 322.74 1.4722E+00 2.9923E-03 -1.3427E-06 292 513
193 POCl3 Phosphorus Oxychloride 194.16 -4.7684E-01 1.0467E-03 -2.1262E-07 274 572
194 PSCl3 Phosphorus Thiochloride 170.60 -1.8690E-01 -3.1267E-05 6.9512E-07 237 607
195 P4O6 Phosphorus Trioxide 341.33 -6.3516E-01 6.3560E-04 4.0286E-07 296 679
196 P4S10 Phosphorus Pentasulfide 1211094.00 -2.1879E+00 2.2969E-03 6.4517E-07 561 10433
197 Pb Lead 34.49 -7.7801E-03 3.4152E-06 -2.0984E-10 601 4320
198 PbBr2 Lead Bromide 114.21 1.5383E-02 -4.5212E-05 2.7510E-08 646 1547
199 PbCl2 Lead Chloride 145.73 -6.4904E-02 2.1731E-05 8.1624E-09 774 1599
200 PbF2 Lead Fluoride 232.37 -2.1673E-01 1.1455E-04 -1.6364E-08 1128 2041
201 PbI2 Lead Iodide 122.82 -1.7437E-02 -1.8626E-05 2.1713E-08 675 1492
202 PbO Lead Oxide 100.29 -5.2676E-02 2.0670E-05 -9.4681E-10 1163 2274
203 PbS Lead Sulfide 490.52 -7.4455E-01 4.2487E-04 -7.7903E-08 1387 2025
204 Pd Palladium 39.91 -4.3823E-03 1.0119E-06 -4.6195E-11 1828 8535
205 Po Polonium 36.88 -1.4670E-02 1.0312E-05 -1.4413E-09 527 2410
206 Pt Platinum 40.39 -3.6997E-03 4.1239E-07 5.3674E-11 2042 5586
207 Rb Rubidium 37.15 -2.0347E-02 1.8127E-05 -3.4898E-09 313 1600
208 RbBr Rubidium Bromide 75.32 -6.8236E-03 -6.1573E-06 4.7732E-09 955 2117
209 RbCl Rubidium Chloride 74.14 -1.0286E-02 -3.3799E-06 3.8837E-09 988 2155
210 RbF Rubidium Fluoride 89.52 -2.0592E-02 1.5492E-06 3.2149E-09 1033 2190
211 Rbi Rubidium Iodide 73.79 -4.0609E-03 -8.3953E-06 5.5997E-09 915 2055
212 Rh Rhooium 48.04 -4.4407E-03 8.7824E-07 -3.5375E-11 2237 9990
213 Rn Radon 53.12 -1.2264E-01 1.2936E-04 8.2668E-07 202 359
214 Ru Ruthenium 36.86 -3.5038E-03 6.3786E-07 -2.7334E-11 2607 9990
215 S Sulfur 108.05 -2.3743E-01 2.2729E-04 -5.9964E-08 443 1247
216 SF4 Sulfur Tetrafluoride 161.22 -4.2384E-01 2.9705E-04 2.8834E-06 149 346
217 SF6 Sulfur Hexafluoride 1614139.00 -1.6346E+01 5.7400E-02 -6.3610E-05 222 303
218 SOBr2 Thionyl Bromide 131.85 -3.6263E-02 -2.8115E-04 7.2193E-07 221 629
219 SOCl2 Thionyl Chloride 116.82 -2.0658E-02 -3.7051E-04 1.0653E-06 172 539
220 SOF2 Sulfurous Oxyfluoride 163.38 -7.7319E-01 1.9849E-03 -4.3363E-08 163 353
221 SO2 Sulfur Dioxide 203.45 -1.0537E+00 2.6113E-03 -1.0697E-06 198 409
222 SO2Cl2 Sulfuryl Chloride 176.17 -2.1659E-01 #DEÐER! 1.0404E-06 222 436
223 SP3 Sulfur Trioxide 5064851.00 -4.1901E+01 1.1959E-01 -1.1117E-04 290 393
224 S2Cl2 Sulfur Monochloride 123.16 4.5179E-02 -4.6347E-04 8.6402E-07 193 626
225 Sb Antimony 38.28 -1.1202E-02 4.8901E-06 -4.3762E-10 904 4056
226 SbBr3 Antimony Tribromide 202.18 -3.6922E-01 4.8373E-04 -1.0419E-07 370 714
227 SbCl3 Antimony Trichloride 214.36 -4.4810E-01 4.3365E-04 1.5743E-07 347 754
228 SbCl5 Antimony Pentachloride 247.89 -5.1771E-01 5.8833E-04 3.2025E-07 276 629
229 SbH3 Stibine 112.88 -4.4438E-01 1.1052E-03 -2.9859E-07 185 418
230 SbI3 Antimony Triiodide 206.91 -2.3740E-01 2.1509E-04 6.0243E-09 440 878
231 Sc Scandium 41.10 -7.4985E-03 2.0970E-06 -1.2866E-10 1814 6428
232 Se Selenium 50.63 -4.9239E-02 4.1165E-05 -5.2086E-09 494 1413
233 SeCl4 Selenium Tetrachloride 418.23 -1.3945E+00 2.0611E-03 -6.8241E-07 400 707
234 SeF6 Selenium Hexafluoride 521.51 -3.9988E+00 1.1778E-02 -9.4441E-06 238 350
235 SeOCl2 Selenium Oxychloride 176.32 -2.7503E-01 2.0506E-04 3.2930E-07 282 671
236 Si Silicon 16.63 1.3656E-02 -5.7334E-06 7.8271E-10 1685 4127
237 SiBrCl2F Bromodichlorofluorosilane 130.23 -3.2357E-02 -5.3260E-04 1.7311E-06 161 472
238 SiBrF3 Trifluorobromosilane 268.92 -1.7333E+00 5.0455E-03 -3.1338E-06 203 357
239 SiBr2ClF Dibromochlorofluorosilane 145.18 -3.2456E-02 -5.1834E-04 1.5533E-06 174 509
240 SrClF3 Trifluorochlorosilane 139.07 -5.1789E-01 1.0735E-03 1.9250E-06 131 314
241 SiCl2F2 Dichlorodifluorosilane 122.47 -1.2816E-01 -4.1457E-04 2.7333E-06 133 371
242 SiCl3F Trichlorofluorosilane 133.59 -6.6696E-02 -5.2185E-04 2.0831E-06 152 437
243 SiCl4 Silicon Tetrachloride 170.18 -1.7026E-01 -4.0824E-04 1.8411E-06 204 482
244 SIF4 Silicon Tetrafluoride 2140088.00 -2.6918E+01 1.1633E-01 -1.6111E-04 186 246
245 SiHBr3 Tribromosilane 135.54 -1.5375E-02 -3.4581E-04 8.6226E-07 200 580
246 SiHCl3 Trichlorosilane 115.92 8.4832E-02 -1.0480E-03 2.5710E-06 145 455
247 SiHF3 Trifluorosilane 173.89 -1.3300E+00 4.9431E-03 -3.3017E-06 142 276
248 SiH2Br2 Dibromosilane 137.27 -1.6406E-01 -4.8843E-05 8.6699E-07 203 523
249 SiH2Cl2 Dichlorosilane 106.13 -2.9755E-02 -5.6554E-04 1.9803E-06 151 427
250 SiH2F2 Difluorosilane 151.42 -1.0050E+00 3.3413E-03 -1.6945E-06 150 302
251 SiH2I2 Dilooosilane 187.59 -2.8898E-01 1.6334E-04 4.9458E-07 272 627
252 SiH3Br Monobromosilane 127.54 -3.6623E-01 5.9877E-04 6.1058E-07 179 431
253 SiH3Cl Monochlorosilane 111.79 -3.3048E-01 4.9100E-04 1.1515E-06 155 377
254 SiH3F Monofluorosilane 161.84 -1.3357E+00 5.1056E-03 -4.0023E-06 150 272
255 SiH3I Iodosilane 160.80 -4.6642E-01 7.2389E-04 3.7261E-07 216 489
256 SiH4 Silane 83.09 -3.3736E-01 8.8970E-04 2.6155E-06 88 256
257 SiO2 Silicon Dioxide 343.91 -2.8233E-01 9.4498E-05 -9.0006E-09 1883 3261
258 Si2Cl6 Hexachlorooisilane 303.03 -6.0011E-01 6.3865E-04 4.7265E-07 272 628
259 Si2F6 Hexafluorooisilane 567.87 -3.6969E+00 9.6950E-03 -6.3974E-06 255 391
260 Si2H5Cl Disilanyl Chloride 302.03 -1.3530E+00 2.8779E-03 -1.1496E-06 250 482
261 Si2H6 Disilane 120.75 -1.6259E-01 -8.0012E-05 1.6528E-06 141 410
262 Si2OCl3F3 Trichlorotrifluorooisiloxane 171.75 5.7533E-02 -9.9486E-04 2.5152E-06 150 483
263 Si2OClS Hexachlorooisiloxane 234.79 -2.2292E-01 -1.1141E-04 9.5103E-07 240 623
264 S;2OH6 Disiloxane 117.80 -5.2777E-03 -7.9248E-04 2.8120E-06 129 396
265 Si3Cl8 Octachlorotrisilane 252.74 -5.3122E-03 -5.1185E-04 9.5352E-07 250 737
266 Si3H8 Trisilane 134.03 4.0684E-02 -7.2105E-04 1.7761E-06 156 499
267 Si3H9N Trisilazane 177.47 -3.7205E-02 -6.8654E-04 2.1050E-06 167 492
268 Si4H10 Tetrasilane 186.28 5.1391E-02 -7.7967E-04 1.6714E-06 180 569
269 Sm Samarium 79.83 -2.8249E-02 1.1464E-05 -1.1147E-09 1345 4066
270 Sn Tin 32.19 -3.8132E-03 1.1297E-06 9.7579E-12 505 5920
271 SnBr4 Stannic Bromide 216.16 -3.0485E-01 1.9892E-04 3.3125E-07 304 727
272 SnCl2 Stannous Chloride 101.46 -9.7805E-03 -3.5809E-05 4.1992E-08 520 1168
273 SnC14 Stannic Chloride 197.45 -1.6537E-01 -1.1620E-04 8.5095E-07 243 496
274 SnH4 Stannic Hydride 98.09 -1.2797E-01 -3.1437E-04 2.7016E-06 123 341
275 SnI4 Stannic Iodide 267.09 -4.2069E-01 4.8074E-04 -8.4231E-08 418 809
276 Sr Strontium 52.46 -2.1746E-02 1.0468E-05 -1.2018E-09 1050 3414
277 SrO Strontium Oxide 1393962.00 -1.2874E+00 4.1182E-04 -4.3325E-08 2703 3414
278 Ta Tantalum 50.31 -4.5380E-03 7.1533E-07 -2.9852E-11 3290 9990
279 Tc Tecnnetium 47.32 -3.4901E-03 6.2149E-07 -2.6106E-11 2430 9990
280 Te Tellurium 41.05 -7.4313E-03 4.3966E-06 -4.4035E-10 723 3872
281 TeCl4 Tellurium Tetrachloride 571.99 -1.4606E+00 1.8839E-03 -7.0713E-07 497 867
282 TeF6 Tellurium Hexafluoride 415.21 -2.9443E+00 8.3781E-03 -6.0631E-06 235 361
283 Ti Titanium 64.89 -1.5128E-02 3.5781E-06 -1.7230E-10 1941 5120
284 TiCl4 Titanium Tetrachloride 167.63 -1.3344E-01 -2.2324E-04 8.7538E-07 249 606
285 Tl Thallium -39.78 -1.1537E-02 5.7637E-06 -4.3596E-10 577 3718
286 TlBr Thallous Bromide 105.95 -9.3797E-02 6.0583E-05 -5.7640E-09 733 1423
287 TlI Thallous Iodide 102.62 -7.0163E-02 3.8114E-05 1.4728E-09 713 1428
288 Tm Thulium 43.96 -1.1992E-02 3.9977E-06 -3.1232E-10 1818 5027
289 U Uranium 41.41 -2.5172E-03 5.4060E-07 -2.0495E-11 1508 9990
290 UF6 Uranium Fluoride 7076942.00 -5.5326E+01 1.4726E-01 -1.2961E-04 342 405
291 V Vanadium 53.42 -5.4286E-03 1.1304E-06 -4.6992E-11 2183 9430
292 VCl4 Vanadium Tetrachloride 1180041.00 -2.2949E-01 1.8695E-04 3.1641E-07 247 662
293 VOCl3 Vanadium Oxytrichloride 143.76 2.2899E-02 -4.9188E-04 1.0313E-06 194 604
294 W Tungsten 49.87 -7.1744E-03 1.0698E-06 -4.2705E-11 3695 9990
295 WF6 Tungsten Fluoride 383.82 -1.8493E+00 4.0558E-03 -1.5331E-06 273 445
296 Xe Xenon 48.55 -7.0584E-02 -2.3703E-04 2.6119E-06 161 275
297 Yb Vtterbium 49.21 -2.0206E-02 9.4875E-06 -1.0677E-09 1097 3493
298 Yt Yttrium 50.74 -6.9676E-03 1.7585E-06 -9.1826E-11 1799 7505
299 Zn Zinc 50.77 -3.5075E-02 1.5935E-05 -1.6078E-09 693 3012
300 ZnCl2 Zinc Chloride 134.02 -7.8300E-02 3.5706E-05 1.1410E-08 638 1310
301 ZnF2 Zinc Fluoride 145.68 -5.8528E-02 1.8809E-05 9.1413E-10 1145 2306
302 Zr Zirconium 49.47 -5.1497E-03 8.5190E-07 -9.9895E-12 2128 7042
303 ZrBr4 Zirconium Bromide 11832940.00 -4.4975E+01 5.7514E-02 -2.4424E-05 723 821
304 ZrCl4 Zirconium Chloride 5534857.00 -2.0485E+01 2.5785E-02 -1.0725E-05 710 787
305 ZrI4 Zirconium Iodide 5621564.00 -1.9348E+01 2.2655E-02 -8.7732E-06 772 917
