1 Ag silver 7440-22-4 107.868 1234.00 1 2485.00 1 6410.00 3 4810.00 2 339.00 2 0.3182 2 3.060 3 0.1499
2 AgCl silver (i) chloride 7783-90-6 143.321 728.15 1 1820.15 1 2992.10 3 100.28 2 744.26 2 0.1926 2 0.300 3 0.3600
3 AgI silver (i) iodide 7783-96-2 234.773 831.15 1 1779.15 1 2897.64 3 97.12 2 744.26 2 0.3154 2 0.300 3 0.3510
4 Al aluminum 7429-90-5 26.982 933.45 1 2790.81 1 9300.00 3 5700.00 2 39.00 2 0.6918 2 0.288 3 ---
5 AlB3H12 aluminum borohydride 16962-07-5 71.510 208.65 1 317.65 1 513.77 2 112.46 2 113.96 2 0.6275 2 0.300 2 0.4360
6 AlBr3 aluminum bromide 7727-15-3 266.694 370.65 1 528.15 1 763.00 1 28.90 1 310.00 1 0.8603 1 0.141 1 0.3990
7 AlC2H6Cl aluminum, dimethyl chloride 1184-58-3 92.503 --- --- --- --- 619.00 2 36.20 2 320.00 2 0.2891 2 0.225 2 0.1834
8 AlC3H9 aluminum, trimethyl 75-24-1 72.085 --- --- --- --- 620.00 2 40.00 2 271.00 2 0.2660 2 0.210 2 0.2179
9 AlC6H15 aluminum, triethyl 97-93-8 114.165 --- --- --- --- 678.15 1 89.30 2 230.00 2 0.4964 2 0.364 1,2 0.8418
10 AlCl3 aluminum chloride 7446-70-0 133.340 465.70 1 453.15 1 629.00 1 26.30 1 261.00 1 0.5109 1 0.131 1 0.3555
11 AlF3 aluminum fluoride 7784-18-1 83.977 1563.15 1 1549.15 1 2948.13 3 98.81 2 744.26 2 0.1128 2 0.300 3 0.3560
12 AlI3 aluminum iodide 7784-23-8 407.695 461.43 1 655.15 1 983.00 1 35.95 2 408.00 1 0.9993 1 0.179 1,2 0.3490
13 Al2O3 aluminum oxide 1344-28-1 101.961 2325.00 1 3253.15 1 5335.00 3 1953.20 2 68.13 2 1.4966 2 0.300 3 1.2000
14 Ar argon 7440-37-1 39.948 83.80 1 87.28 1 150.86 1 48.98 1 74.59 1 0.5356 1 0.291 1 0.0000
15 As arsenic 7440-38-3 74.922 1090.00 1 888.00 1 1673.00 1 223.00 1 35.00 1 2.1406 1 0.056 1 ---
16 AsBr3 arsenic (iii) bromide 7784-33-0 314.634 304.25 1 494.15 1 789.01 2 66.40 2 270.69 2 1.1623 2 0.274 2 0.2980
17 AsCl3 arsenic trichloride 7784-34-1 181.280 257.15 1 403.15 1 654.00 1 59.12 2 252.00 1 0.7194 1 0.274 1,2 0.2200
18 AsF3 arsenic trifluoride 7784-35-2 131.917 267.25 1 330.95 1 530.21 2 87.81 2 137.55 2 0.9590 2 0.274 2 0.3630
19 AsF5 arsenic pentafluoride 7784-36-3 169.914 193.35 1 220.35 1 357.73 2 41.13 2 198.14 2 0.8575 2 0.274 2 0.1060
20 AsH3 arsine 7784-42-1 77.945 156.28 1 210.67 1 373.00 1 65.50 2 97.80 2 0.7970 2 0.207 1,2 0.0105
21 AsI3 arsenic triiodide 7784-45-4 455.635 414.05 1 697.15 1 1101.22 3 99.06 2 277.31 2 1.6431 2 0.300 3 0.3570
22 As2O3 arsenic trioxide 1327-53-3 197.841 551.00 1 740.30 1 1200.00 3 40.00 2 183.19 2 1.0800 2 0.073 3 0.0611
23 As2S3 arsenic (iii) sulfide 1303-33-9 246.041 583.15 1 980.15 1 1608.24 3 68.38 2 265.93 2 0.9252 2 0.136 3 ---
24 As4S4 arsenic sulfide 12279-90-2 427.950 593.15 1 838.15 1 1314.59 3 28.47 2 522.03 2 0.8198 2 0.136 3 ---
25 At astatine 7440-68-8 210.000 575.15 1 607.00 1 1096.37 3 1236.30 2 22.12 2 9.4937 2 0.300 3 0.6410
26 Au gold 7440-57-5 196.967 1337.33 1 3129.15 1 4398.00 3 6354.40 2 50.30 2 3.9158 2 0.874 3 ---
27 B boron 7440-42-8 10.811 2348.15 1 4273.15 1 7934.59 3 8417.50 2 23.51 2 0.4598 2 0.300 3 0.8260
28 BBr3 boron tribromide 10294-33-4 250.523 228.15 1 364.15 1 581.00 1 48.66 2 272.00 1 0.9210 1 0.274 1,2 0.2160
29 BCl3 boron trichloride 10294-34-5 117.169 166.15 1 285.65 1 451.95 1 38.71 1 148.30 1 0.7901 1 0.153 1 0.1505
30 BF3 boron trifluoride 7637-07-2 67.806 146.05 1 173.35 1 260.90 1 49.90 1 115.00 1 0.5896 1 0.265 1,2 0.4337
31 BH2CO borine carbonyl --- 40.837 --- --- --- --- 340.03 2 55.03 2 140.74 2 0.2902 2 0.274 2 0.1880
32 BH3CO borane carbonyl 13205-44-2 41.845 136.15 1 209.15 1 328.56 2 47.19 2 90.29 2 0.4634 2 0.156 2 ---
33 BH3O3 boric acid 10043-35-3 61.833 444.10 1 --- --- 289.80 1 40.53 1 173.11 1 0.3572 1 0.291 1 0.1254
34 BI3 boron triiodide 13517-10-7 391.524 316.15 1 483.15 1 773.00 1 60.59 2 356.00 1 1.0998 1 0.156 2 ---
35 B2Cl4 diborane, tetrachloro 13701-67-2 163.433 180.55 1 338.15 1 507.85 2 32.94 2 373.00 2 0.4382 2 0.291 2 ---
36 B2D6 diborane, deutero 20396-66-1 33.706 --- --- 180.65 1 293.74 2 32.17 2 208.01 2 0.1620 2 0.274 2 0.0170
37 B2F4 diborane, tetrafluoro 13965-73-6 97.616 217.15 1 239.15 1 364.54 2 42.25 2 208.77 2 0.4676 2 0.291 2 ---
38 B2H5Br diborane hydrobromide --- 106.566 168.95 1 289.45 1 466.98 2 43.61 2 243.93 2 0.4369 2 0.274 2 0.1420
39 B2H6 diborane 19287-45-7 27.670 107.65 1 180.65 1 289.80 1 40.53 1 173.10 1 0.1598 1 0.291 1 0.1250
40 B3N3H6 borazine 6569-51-3 80.501 215.76 1 326.15 1 521.20 2 36.34 2 326.72 2 0.2464 2 0.274 2 0.0920
41 B4H10 tetraborane 18283-93-7 53.323 152.15 1 291.15 1 466.66 2 38.84 2 273.67 2 0.1948 2 0.274 2 0.1070
42 B5H9 pentaborane 19624-22-7 63.126 226.55 1 333.15 1 568.45 2 46.41 2 285.10 2 0.2214 2 0.280 2 ---
43 B5H11 pentaborane 18433-84-6 65.142 150.15 1 336.15 1 547.13 2 41.29 2 301.82 2 0.2158 2 0.274 2 0.1340
44 B10H14 decaborane --- 122.221 372.75 1 486.15 1 791.78 2 59.02 2 334.63 2 0.3652 2 0.300 2 0.2030
45 Ba barium 7440-39-3 137.327 1000.15 1 2170.15 1 3572.13 3 381.40 2 233.62 2 0.5878 2 0.300 3 0.2640
46 Be beryllium 7440-41-7 9.012 1556.00 1 2757.00 1 5205.00 3 392.00 2 311.50 2 0.0289 2 0.282 3 0.2274
47 BeB2H8 beryllium borohydride 17440-85-6 38.698 dec 1 dec 1 591.45 2 48.77 2 302.50 2 0.1279 2 0.300 2 0.1470
48 BeBr2 beryllium bromide 7787-46-4 168.820 781.15 1 793.15 1 1216.86 3 100.34 2 302.50 2 0.5581 2 0.300 3 0.3610
49 BeCl2 beryllium chloride 7787-47-5 79.918 688.15 1 755.15 1 1238.03 3 102.09 2 302.50 2 0.2642 2 0.300 3 0.3660
50 BeI2 beryllium iodide 7787-53-3 262.821 743.15 1 760.15 1 1238.03 3 102.09 2 302.50 2 0.8688 2 0.300 3 0.3660
51 Bi bismuth 7440-69-9 208.980 544.54 1 1837.15 1 4620.00 3 770.00 2 104.00 2 2.0094 2 0.208 3 ---
52 BiBr3 bismuth tribromide 7787-58-8 448.692 491.15 1 726.15 1 1220.00 1 98.60 2 301.00 1 1.4907 1 0.293 1,2 0.2880
53 BiCl3 bismuth trichloride 7787-60-2 315.338 503.15 1 720.15 1 1179.00 1 120.00 1 261.00 1 1.2082 1 0.320 1 0.3040
54 BiF3 bismuth fluoride 7787-61-3 265.976 998.15 1 1173.15 1 1971.01 3 385.21 2 111.46 2 2.3864 2 0.262 3 ---
55 BiF5 bismuth pentafluoride 7787-62-4 303.972 427.15 1 503.15 1 470.00 2 57.16 2 187.31 2 1.6228 2 0.274 2 0.5040
56 BiI3 bismuth triiodide 7787-64-6 589.694 681.75 1 815.15 1 1404.00 3 112.55 2 271.73 2 2.1702 2 0.262 3 ---
57 Bi2O3 bismuth oxide 1304-76-3 465.959 1090.15 1 2163.15 1 3367.96 3 448.26 2 163.66 2 2.8471 2 0.262 3 ---
58 BrF3 bromine trifluoride 7787-71-5 136.899 281.92 1 398.95 1 649.89 2 112.47 2 125.87 2 1.0877 2 0.262 2 ---
59 BrF5 bromine pentafluoride 7789-30-2 174.896 --- --- 313.65 1 492.46 2 66.97 2 160.17 2 1.0919 2 0.262 2 ---
60 Br2 bromine 7726-95-6 159.808 265.90 1 331.90 1 584.15 1 103.35 1 135.00 1 1.1838 1 0.287 1 0.1189
61 C carbon (amphorous) 7440-44-0 12.011 4300.00 1 --- --- 6810.00 3 2230.00 2 18.80 2 0.6389 2 0.074 3 0.3268
62 C diamond 7782-40-3 12.011 4713.15 1 --- --- 6810.00 3 2230.00 2 18.80 2 0.6389 2 0.074 3 0.3268
63 C graphite 7782-42-5 12.011 4762.15 1 4098.15 1 6810.00 3 2230.00 2 18.80 2 0.6389 2 0.074 3 0.3268
64 CBr2O carbonyl bromide 593-95-3 187.818 --- --- 337.65 1 532.92 2 62.27 2 186.43 2 1.0074 2 0.262 2 ---
65 CCl2O carbonyl chloride 75-44-5 98.916 145.37 1 280.71 1 455.00 2 56.74 2 190.22 2 0.5200 2 0.285 2 0.2010
66 CF2O carbonyl fluoride 353-50-4 66.007 159.15 1 190.05 1 297.00 2 57.60 2 141.00 2 0.4681 2 0.329 2 0.2830
67 CH4N2O urea 57-13-6 60.055 405.85 1 465.00 1 705.00 2 90.50 2 218.00 2 0.2755 2 0.337 2 0.6200
68 CH4N2S thiourea 62-56-6 76.122 452.20 1 --- --- 854.00 2 82.30 2 248.00 2 0.3069 2 0.287 2 0.3586
69 CNBr cyanogen bromide 506-68-3 105.921 325.15 1 334.65 1 545.03 2 70.08 2 193.99 2 0.5460 2 0.300 2 0.2540
70 CNCl cyanogen chloride 506-77-4 61.470 266.65 1 286.00 1 449.00 2 59.90 2 163.00 2 0.3771 2 0.262 2 0.3200
71 CNF cyanogen fluoride 1495-50-7 45.016 191.15 1 227.15 1 368.51 2 79.00 2 106.26 2 0.4236 2 0.274 2 0.3030
72 CN4O8 tetranitromethane 509-14-8 196.033 285.65 1 398.85 1 540.00 2 26.80 2 439.00 2 0.4465 2 0.262 2 0.7051
73 CO carbon monoxide 630-08-0 136.383 68.15 1 81.70 1 132.92 1 34.99 1 93.10 1 1.4649 1 0.295 1 0.0663
74 COS carbonyl sulfide 463-58-1 60.076 134.31 1 223.00 1 378.80 1 63.49 1 135.10 1 0.4447 1 0.272 1 0.0970
75 COSe carbon oxyselenide 1603-84-5 106.970 148.75 1 --- --- 406.58 2 86.30 2 107.32 2 0.9967 2 0.274 2 0.3380
76 CO2 carbon dioxide 124-38-9 44.010 216.58 1 194.70 1 304.19 1 73.82 1 94.00 1 0.4682 1 0.274 1 0.2276
77 CS2 carbon disulfide 75-15-0 76.143 161.05 1 319.15 1 552.00 1 79.00 1 160.00 1 0.4759 1 0.275 1 0.1107
78 C2N2 cyanogen 460-19-5 52.035 245.32 1 252.05 1 399.90 2 63.03 2 144.52 2 0.3601 2 0.274 2 0.3120
79 C3O2 carbon suboxide 504-64-3 68.031 161.85 1 279.95 1 431.80 2 51.19 2 183.75 2 0.3702 2 0.262 2 ---
80 Ca calcium 7440-70-2 40.078 1115.00 1 1757.00 1 3267.00 3 153.00 2 517.10 2 0.0775 2 0.291 3 0.1167
81 CaF2 calcium fluoride 7789-75-5 78.075 1691.00 1 2806.50 1 4570.85 3 376.91 2 302.50 2 0.2581 2 0.300 3 0.7520
82 Cd cadmium 7440-43-9 112.411 594.22 1 1040.15 1 2291.00 3 861.70 2 37.90 2 2.9660 2 0.171 3 0.0500
83 CdCl2 cadmium chloride 10108-64-2 183.316 837.15 1 1233.15 1 2019.79 3 166.55 2 302.50 2 0.6060 2 0.300 3 0.5110
84 CdF2 cadmium fluoride 7790-79-6 150.408 1383.15 1 2021.15 1 3296.66 3 271.84 2 302.50 2 0.4972 2 0.300 3 0.6560
85 CdI2 cadmium iodide 7790-80-9 366.220 660.15 1 1015.15 1 1741.29 3 143.59 2 302.50 2 1.2106 2 0.300 3 0.4670
86 CdO cadmium oxide 1306-19-0 128.410 --- --- 1832.15 1 2983.96 3 246.06 2 302.50 2 0.4245 2 0.300 3 0.6260
87 ClF chlorine monofluoride 7790-89-8 54.451 117.55 1 172.05 1 282.32 2 79.01 2 81.39 2 0.6690 2 0.274 2 0.2760
88 ClFO3 perchloryl fluoride 7616-94-6 102.449 125.41 1 226.49 1 368.40 1 53.70 1 161.00 1 0.6363 1 0.282 1 0.1726
89 ClF3 chlorine trifluoride 7790-91-2 92.448 196.81 1 284.90 1 368.40 2 53.70 2 161.00 2 0.5742 2 0.282 2 0.1730
90 ClF5 chlorine pentafluoride 13637-63-3 130.445 170.15 1 260.05 1 416.00 1 52.70 1 233.00 1 0.5598 1 0.355 1,2 0.3160
91 ClNO2 nitryl chloride 13444-90-1 81.458 128.15 1 258.15 1 394.96 2 60.07 2 143.22 2 0.5688 2 0.262 2 ---
92 ClO2 chlorine dioxide 10049-04-4 67.452 213.55 1 284.05 1 465.00 1 86.13 1 97.83 2 0.6895 2 0.218 2 0.3564
93 Cl2 chlorine 7782-50-5 70.905 172.12 1 239.12 1 417.15 1 77.11 1 123.75 1 0.5730 1 0.275 1 0.0690
94 Cl2O chlorine monoxide 7791-21-1 86.905 152.55 1 275.35 1 444.68 2 74.94 2 135.16 2 0.6430 2 0.274 2 0.3030
95 Cl2O5S2 pyrosulfuryl chloride 7791-27-7 215.034 --- --- 419.15 1 586.25 2 34.94 2 365.45 2 0.5884 2 0.262 2 ---
96 Cl2O7 chlorine heptoxide 10294-48-1 182.901 181.65 1 355.15 1 565.78 2 50.90 2 253.23 2 0.7223 2 0.274 2 0.2000
97 Co cobalt 7440-48-4 58.933 1768.15 1 3200.15 1 7398.48 3 5148.70 2 35.84 2 1.6443 2 0.300 3 ---
98 CoCl2 cobalt chloride 7646-79-9 129.839 1013.15 1 1322.15 1 2154.97 3 177.70 2 302.50 2 0.4292 2 0.300 3 0.5300
99 CoNC3O4 cobalt nitrosyl tricarbonyl 14096-82-3 172.970 262.15 1 320.00 1 567.68 2 47.43 2 298.56 2 0.5793 2 0.300 2 0.1780
100 Cr chromium 7440-47-3 51.996 2180.15 1 2944.15 1 8560.93 3 5784.10 2 36.92 2 1.4083 2 0.300 3 ---
101 CrC6O6 chromium carbonyl 13007-92-6 220.057 427.65 1 dec 1 690.80 2 56.96 2 302.50 2 0.7275 2 0.300 2 0.1930
102 CrO2Cl2 chromium oxychloride 14977-61-8 154.900 176.65 1 390.15 1 626.33 2 59.99 2 237.81 2 0.6514 2 0.274 2 0.2560
103 Cs cesium 7440-46-2 132.905 301.65 1 944.15 1 1938.00 1 94.00 1 341.00 1 0.3898 1 0.199 1 ---
104 CsBr cesium bromide 7787-69-1 212.809 909.15 1 1573.15 1 2562.13 3 211.27 2 302.50 2 0.7035 2 0.300 3 0.5810
105 CsCl cesium chloride 7647-17-8 168.358 918.15 1 1570.15 1 2562.13 3 211.27 2 302.50 2 0.5566 2 0.300 3 0.5810
106 CsF cesium fluoride 13400-13-0 151.904 956.15 1 1524.15 1 2482.33 3 204.69 2 302.50 2 0.5022 2 0.300 3 0.5720
107 CsI cesium iodide 7789-17-5 259.810 894.15 1 1553.15 1 2529.56 3 208.59 2 302.50 2 0.8589 2 0.300 3 0.5770
108 Cu copper 7440-50-8 63.546 1357.77 1 2835.15 1 5123.00 3 6415.50 2 61.00 2 1.0417 2 0.919 3 ---
109 CuBr cuprous bromide 7787-70-4 143.450 770.15 1 1618.15 1 2651.71 3 218.66 2 302.50 2 0.4742 2 0.300 3 0.5910
110 CuCl cuprous chloride 7758-89-6 98.999 703.00 1 1763.15 1 2435.00 3 236.79 2 256.51 2 0.3859 2 0.300 3 1.6640
111 CuCl2 cupric chloride 7447-39-4 134.451 906.15 1 1266.15 1 2010.00 3 170.04 2 294.85 2 0.4560 2 0.300 3 0.6230
112 CuI copper iodide 7681-65-4 190.450 879.15 1 1609.15 1 2620.77 3 216.11 2 302.50 2 0.6296 2 0.300 3 0.5880
113 DCN deuterium cyanide 3017-23-0 28.031 --- --- --- --- 482.63 2 113.56 2 96.81 2 0.2896 2 0.274 2 0.4350
114 D2 deuterium 7782-39-0 4.028 18.73 1 23.65 1 38.35 1 16.64 1 60.26 1 0.0668 1 0.314 1 ---
115 D2O deuterium oxide 7789-20-0 20.027 276.96 1 374.55 1 643.89 1 219.41 1 56.30 1 0.3557 1 0.231 1 0.3677
116 Eu europium 7440-53-1 151.964 1095.15 1 1802.15 1 5150.00 3 3547.90 2 36.21 2 4.1967 2 0.300 3 ---
117 FHO3S fluorosulfonic acid 7789-21-1 100.071 184.17 1 436.00 1 715.00 2 84.17 2 180.00 2 0.5559 2 0.262 2 ---
118 FNO nitrosyl fluoride 7789-25-5 49.005 140.65 1 213.25 1 352.67 2 112.78 2 71.24 2 0.6879 2 0.274 2 0.4050
119 FNO2 nitryl fluoride 10022-50-1 65.004 107.15 1 200.75 1 349.50 1 61.16 2 109.82 2 0.5919 2 0.262 2 ---
120 FNO3 fluorine nitrate 7789-26-6 81.003 98.15 1 227.15 1 337.90 2 55.74 2 132.06 2 0.6134 2 0.262 2 ---
121 F2 fluorine 7782-41-4 37.997 53.54 1 84.95 1 144.12 1 51.72 1 66.54 1 0.5710 1 0.287 1 0.0530
122 F2O fluorine oxide 7783-41-7 53.996 49.35 1 128.40 1 215.00 1 49.50 2 97.60 2 0.5532 2 0.270 1,2 0.0750
123 F2O2 difluorine dioxide 7783-44-0 69.996 119.15 1 216.15 1 338.24 2 71.00 2 103.77 2 0.6745 2 0.262 2 ---
124 Fe iron 7439-89-6 55.845 1811.00 1 3133.35 1 9340.00 3 10150.00 2 28.00 2 1.9945 2 0.366 3 ---
125 FeC5O5 iron pentacarbonyl 13463-40-6 195.896 253.15 1 376.15 1 607.20 2 35.24 2 392.52 2 0.4991 2 0.274 2 0.0910
126 FeCl2 ferrous chloride 7758-94-3 126.750 950.00 1 1297.00 1 2010.00 3 87.20 2 302.50 2 0.4190 2 0.158 3 0.5271
127 FeCl3 ferric chloride 7705-08-0 162.203 577.00 1 592.15 1 948.15 2 43.00 2 302.50 2 0.5362 2 0.165 2 0.1741
128 Fr francium 7440-73-5 223.000 300.15 1 946.15 1 1606.46 3 1790.20 2 22.38 2 9.9643 2 0.300 3 0.6820
129 Ga gallium 7440-55-3 69.723 302.91 1 2477.15 1 7620.00 3 5126.30 2 75.30 2 0.9259 2 0.609 3 ---
130 GaBr3 gallium (iii) bromide 13450-88-9 309.435 394.65 1 552.15 1 806.70 1 --- --- 303.00 1 1.0212 1 --- --- ---
131 GaC3H9 gallium, trimethyl 1445-79-0 114.827 --- --- --- --- 510.00 2 40.40 2 211.00 2 0.5442 2 0.201 2 0.2077
132 GaCl3 gallium trichloride 13450-90-3 176.081 350.90 1 474.15 1 694.00 1 38.20 2 263.00 1 0.6695 1 0.174 1,2 0.4577
133 GaI3 gallium (iii) iodide 13450-91-4 450.436 485.15 1 613.15 1 951.00 1 --- --- 395.00 1 1.1403 1 --- --- ---
134 Ge germanium 7440-56-4 72.610 1210.40 1 3100.00 1 9803.00 3 6511.00 2 45.00 2 1.6136 2 0.359 3 ---
135 GeBr4 germanium bromide 13450-92-5 392.226 299.25 1 459.50 1 718.00 1 44.17 2 392.00 1 1.0006 1 0.290 1,2 0.1690
136 GeCH6 germane, methyl 1449-65-6 90.668 115.15 1 250.15 1 392.94 2 48.68 2 175.84 2 0.5156 2 0.262 2 ---
137 GeCl3F germane, trichlorofluoro 24422-20-6 197.967 223.35 1 310.65 1 473.51 2 37.62 2 274.16 2 0.7221 2 0.262 2 ---
138 GeCl4 germanium chloride 10038-98-9 214.421 221.65 1 359.70 1 553.20 1 38.61 1 330.00 1 0.6498 1 0.277 1 0.1230
139 GeF2Cl2 germane, dichlorodifluoro 24422-21-7 181.512 221.35 1 270.35 1 413.69 2 37.97 2 237.32 2 0.7648 2 0.262 2 ---
140 GeF3Cl germane, chlorotrifluoro 14188-40-0 165.058 206.95 1 252.85 1 388.45 2 42.00 2 201.45 2 0.8193 2 0.262 2 ---
141 GeF4 germanium (iv) fluoride 7783-58-6 148.604 258.15 1 236.65 1 365.04 2 47.75 2 166.52 2 0.8924 2 0.262 2 ---
142 GeHCl3 germane, trichloro 1184-65-2 179.976 202.15 1 348.45 1 559.78 2 46.21 2 275.96 2 0.6522 2 0.274 2 0.1700
143 GeH2Br2 germane, dibromo 13769-36-3 234.434 258.15 1 362.15 1 563.33 2 57.28 2 214.24 2 1.0943 2 0.262 2 ---
144 GeH2Cl2 germane, dichloro 15230-48-5 145.531 205.15 1 342.65 1 535.61 2 54.30 2 214.85 2 0.6774 2 0.262 2 ---
145 GeH3Br germane, bromo 13569-43-2 155.538 241.15 1 325.15 1 515.20 2 66.61 2 168.47 2 0.9232 2 0.262 2 ---
146 GeH3Cl germane, chloro 13637-65-5 111.087 221.15 1 301.15 1 478.44 2 61.75 2 168.77 2 0.6582 2 0.262 2 ---
147 GeH4 germane 7782-65-2 76.642 107.26 1 185.00 1 312.20 1 49.50 1 147.00 1 0.5214 1 0.280 1 0.1506
148 GeI4 germanium (iv) iodide 13450-95-8 580.228 417.15 1 650.15 1 973.00 1 56.59 2 500.00 1 1.1605 1 0.262 2 ---
149 Ge2H6 digermane 13818-89-8 151.268 164.15 1 303.95 1 491.01 2 46.67 2 239.68 2 0.6311 2 0.274 2 0.1650
150 Ge3H8 trigermane 14691-44-2 225.894 167.55 1 383.65 1 616.37 2 47.05 2 298.44 2 0.7569 2 0.274 2 0.1800
151 HBr hydrogen bromide 10035-10-6 80.912 186.34 1 206.45 1 363.15 1 85.52 1 100.26 2 0.8070 2 0.284 1,2 0.0693
152 HCN hydrogen cyanide 74-90-8 27.025 259.86 1 299.15 1 456.65 1 53.91 1 138.59 1 0.1950 1 0.197 2 0.4100
153 HCl hydrogen chloride 7647-01-0 36.461 158.97 1 188.15 1 324.65 1 83.10 1 81.00 1 0.4501 1 0.249 1 0.1315
154 HClO3S chlorosulfonic acid 7790-94-5 116.525 193.15 1 427.00 1 700.00 2 85.00 2 195.00 2 0.5976 2 0.285 2 0.3010
155 HClO4 perchloric acid 7601-90-3 100.458 171.95 1 385.00 1 631.00 2 38.60 2 168.00 2 0.5980 2 0.124 2 0.0498
156 HF hydrogen fluoride 7664-39-3 20.006 189.79 1 292.67 1 461.15 1 64.80 1 69.00 1 0.2899 1 0.117 1 0.3822
157 HI hydrogen iodide 10034-85-2 127.912 222.38 1 237.55 1 423.85 1 83.10 1 121.90 1 1.0493 1 0.287 1 0.0381
158 HNO3 nitric acid 7697-37-2 63.013 231.55 1 356.15 1 520.00 2 68.90 2 145.00 2 0.4346 2 0.231 2 0.7144
159 H2 hydrogen 1333-74-0 2.016 13.95 1 20.39 1 33.18 1 13.13 1 64.15 1 0.0314 1 0.305 1 ---
160 H2O water 7732-18-5 18.015 273.15 1 373.15 1 647.13 1 220.55 1 55.95 1 0.3220 1 0.229 1 0.3449
161 H2O2 hydrogen peroxide 7722-84-1 34.015 272.73 1 423.35 1 730.15 1 217.00 1 77.70 1 0.4378 1 0.278 1 0.3582
162 H2S hydrogen sulfide 7783-06-4 34.082 187.68 1 212.80 1 373.53 1 89.63 1 98.50 1 0.3460 1 0.284 1 0.0942
163 H2SO4 sulfuric acid 7664-93-9 98.079 283.46 1 610.00 1 924.00 1 64.00 2 177.70 1 0.5519 1 0.148 1,2 0.4940
164 H2S2 hydrogen disulfide 13465-07-1 66.148 183.45 1 343.85 1 542.39 2 88.36 2 139.83 2 0.4731 2 0.274 2 0.3660
165 H2Se hydrogen selenide 7783-07-5 80.976 207.45 1 231.15 1 411.15 1 89.20 1 120.00 2 0.6748 2 0.313 1,2 0.0542
166 H2Te hydrogen telluride 7783-09-7 129.616 224.15 1 271.15 1 438.04 2 71.93 2 138.73 2 0.9343 2 0.274 2 0.2890
167 H3NO hydroxylamine 7803-49-8 33.030 306.25 1 383.00 1 574.00 2 137.00 2 74.64 2 0.4425 2 0.214 2 0.6940
168 H3PO2 hypophosphorous acid 6303-21-5 65.996 299.65 1 403.15 1 627.65 2 89.73 2 152.37 2 0.4331 2 0.262 2 ---
169 H3PO3 phosphorous acid 13598-36-2 81.996 347.55 1 473.15 1 711.92 2 88.43 2 175.37 2 0.4676 2 0.262 2 ---
170 H3PO4 phosphoric acid 7664-38-2 97.995 315.51 1 680.00 1 1030.00 3 50.70 2 340.00 2 0.2882 2 0.201 3 ---
171 He helium-3 14762-55-1 3.016 1.01 1 3.20 1 3.31 1 1.17 1 72.50 1 0.0416 1 0.308 1 -0.4715
172 He helium-4 7440-59-7 4.003 1.76 1 4.22 1 5.20 1 2.28 1 57.30 1 0.0699 1 0.302 1 -0.3850
173 HfBr4 hafnium (iv) bromide 13777-22-5 498.106 697.15 1 596.15 1 746.00 1 56.31 2 415.00 1 1.2003 1 0.262 2 ---
174 HfCl4 hafnium (iv) chloride 13499-05-3 320.301 705.15 1 590.15 1 725.70 1 54.20 1 314.00 1 1.0201 1 0.262 2 ---
175 HfF4 hafnium fluoride 13709-52-9 254.484 --- --- 1243.15 1 1578.98 3 232.31 2 148.05 2 1.7189 2 0.262 3 ---
176 HfI4 hafnium (iv) iodide 13777-23-6 686.108 722.15 1 667.15 1 916.00 1 49.92 2 528.00 1 1.2994 1 0.262 2 ---
177 Hg mercury 7439-97-6 200.590 234.29 1 629.84 1 1735.00 1 1608.00 1 35.00 2 5.7311 2 0.390 1,2 ---
178 HgBr2 mercuric bromide 7789-47-1 360.398 509.15 1 595.15 1 1012.00 1 79.53 2 302.50 2 1.1914 2 0.286 1,2 0.2920
179 HgCH3Cl methylmercury chloride 115-09-3 251.077 --- --- 443.15 1 741.32 2 125.76 2 128.40 2 1.9554 2 0.262 2 ---
180 HgCl2 mercuric chloride 7487-94-7 271.495 549.15 1 577.15 1 973.00 1 77.51 2 302.50 2 0.8975 2 0.290 2 0.2840
181 HgI2 mercuric iodide 7774-29-0 454.399 532.15 1 627.15 1 1072.00 1 100.00 2 268.92 2 1.6897 2 0.302 1,2 0.1890
182 Hg2Cl2 mercury (i) chloride 10112-91-1 472.085 798.15 1 656.15 1 1115.00 3 206.73 2 117.49 2 4.0183 2 0.262 3 ---
183 IF5 iodine pentafluoride 7783-66-6 221.896 282.58 1 373.65 1 594.33 2 72.52 2 178.52 2 1.2430 2 0.262 2 ---
184 IF7 iodine heptafluoride 16921-96-3 259.893 279.65 1 277.95 1 447.53 2 41.26 2 247.10 2 1.0518 2 0.274 2 0.1220
185 I2 iodine 7553-56-2 253.809 386.75 1 457.56 1 819.15 1 116.54 1 155.00 1 1.6375 1 0.265 1 0.1115
186 In indium 7440-74-6 114.818 429.75 1 2345.15 1 6730.00 3 2432.00 2 82.60 2 1.3900 2 0.359 3 ---
187 Ir iridium 7439-88-5 192.217 2719.15 1 4701.15 1 15035.00 3 72356.00 2 5.18 2 37.1075 2 0.300 3 ---
188 K potassium 7440-09-7 39.098 336.35 1 1031.00 1 2223.00 1 160.00 1 209.00 1 0.1871 1 0.181 1 ---
189 KBr potassium bromide 7758-02-3 119.002 1007.00 1 1653.15 1 3520.00 3 115.52 2 314.00 2 0.3790 2 0.124 3 0.5960
190 KCl potassium chloride 7447-40-7 74.551 1044.00 1 1689.00 1 3470.00 3 180.00 2 625.00 2 0.1193 2 0.390 3 ---
191 KF potassium fluoride 7789-23-3 58.097 1131.15 1 1775.15 1 2891.12 3 238.40 2 302.50 2 0.1921 2 0.300 3 0.6170
192 KI potassium iodide 7681-11-0 166.003 954.00 1 1618.00 1 3610.00 3 97.30 2 660.00 2 0.2515 2 0.214 3 ---
193 KOH potassium hydroxide 1310-58-3 56.106 679.00 1 1600.00 1 2624.00 3 214.88 2 302.50 2 0.1855 2 0.298 3 0.5860
194 Kr krypton 7439-90-9 83.800 115.78 1 119.80 1 209.35 1 55.02 1 91.20 1 0.9189 1 0.288 1 ---
195 La lanthanum 7439-91-0 138.906 1191.15 1 3737.15 1 9511.00 3 5460.00 2 36.50 2 3.8056 2 0.252 3 ---
196 Li lithium 7439-93-2 6.941 453.69 1 1615.00 1 2966.00 3 217.87 2 329.70 2 0.0211 2 0.291 3 ---
197 LiBr lithium bromide 7550-35-8 86.845 820.15 1 1583.15 1 2578.42 3 212.62 2 302.50 2 0.2871 2 0.300 3 0.5830
198 LiCl lithium chloride 7447-41-8 42.394 883.15 1 1656.15 1 2695.68 3 222.29 2 302.50 2 0.1401 2 0.300 3 0.5960
199 LiF lithium fluoride 7789-24-4 25.939 1121.35 1 1946.15 1 3182.65 3 262.44 2 302.50 2 0.0858 2 0.300 3 0.6450
200 LiI lithium iodide 10377-51-2 133.845 742.00 1 1447.00 1 2370.00 3 170.00 2 302.50 2 0.4425 2 0.261 3 0.4570
201 Lu lutetium 7439-94-3 174.967 1936.15 1 3675.15 1 4128.66 3 5162.90 2 19.95 2 8.7703 2 0.300 3 ---
202 Mg magnesium 7439-95-4 24.305 923.15 1 1363.15 1 2241.04 3 2802.40 2 19.95 2 1.2183 2 0.300 3 ---
203 MgCl2 magnesium chloride 7786-30-3 95.210 987.15 1 1685.15 1 2754.32 3 227.12 2 302.50 2 0.3147 2 0.300 3 0.6020
204 MgO magnesium oxide 1309-48-4 40.304 3105.00 1 3873.20 1 5950.00 3 33.91 2 209.50 2 0.1924 2 0.014 3 0.2137
205 Mn manganese 7439-96-5 54.938 1519.15 1 2334.15 1 6902.82 3 4871.70 2 35.34 2 1.5546 2 0.300 3 ---
206 MnCl2 manganese (ii) chloride 7773-01-5 125.843 923.15 1 1463.15 1 2382.98 3 196.50 2 302.50 2 0.4160 2 0.300 3 0.5600
207 Mo molybdenum 7439-98-7 95.940 2896.15 1 4912.15 1 9620.00 3 10349.00 2 38.30 2 2.5050 2 0.496 3 0.9240
208 MoC6O6 molybdenum hexacarbonyl 13939-06-5 264.001 dec 1 974.15 1 1308.72 3 54.43 2 523.74 2 0.5041 2 0.262 3 ---
209 MoCl5 molybdenum (v) chloride 10241-05-1 273.204 467.15 1 541.15 1 850.00 1 47.20 2 369.00 1 0.7404 1 0.262 2 ---
210 MoF5 molybdenum (v) fluoride 13819-84-6 190.932 340.15 1 486.75 1 772.50 2 84.67 2 198.74 2 0.9607 2 0.262 2 ---
211 MoF6 molybdenum fluoride 7783-77-9 209.930 290.65 1 307.15 1 473.00 1 47.50 1 226.00 1 0.9289 1 0.273 1 0.1890
212 MoOF4 molybdenum (vi) oxytetrafluoride 14459-59-7 187.933 371.15 1 459.15 1 712.86 2 75.94 2 204.47 2 0.9191 2 0.262 2 ---
213 MoO3 molybdenum oxide 1313-27-5 143.938 1074.15 1 1428.15 1 2319.46 3 191.26 2 302.50 2 0.4758 2 0.300 3 0.5520
214 NClO nitrosyl chloride 2696-92-6 65.459 213.55 1 267.77 1 440.65 2 91.20 1 139.00 1 0.4709 1 0.346 1,2 0.3005
215 NCl3 nitrogen trichloride 10025-85-1 120.365 246.15 1 344.15 1 564.00 2 104.00 2 206.90 2 0.5818 2 0.459 2 0.1990
216 ND3 heavy ammonia --- 20.049 197.15 1 240.15 1 388.40 2 125.71 2 70.38 2 0.2849 2 0.274 2 0.4470
217 NF3 nitrogen trifluoride 7783-54-2 71.002 66.46 1 144.09 1 234.00 1 44.61 1 118.75 1 0.5979 1 0.272 1 0.1200
218 NHF2 difluoramine 10405-27-3 53.011 --- --- 250.15 1 403.00 1 99.51 2 89.06 2 0.5952 2 0.262 2 ---
219 NH3 ammonia 7664-41-7 17.031 195.41 1 239.72 1 405.65 1 112.80 1 72.47 1 0.2350 1 0.242 1 0.2526
220 NH4Br ammonium bromide 12124-97-9 97.943 dec 1 669.15 1 1089.82 3 17.94 2 1515.30 2 0.0646 2 0.300 3 ---
221 NH4Cl ammonium chloride 12125-02-9 53.491 793.20 1 612.00 1 882.00 1 16.40 1 1341.50 2 0.0399 2 0.300 2 3.9200
222 NH4I ammonium iodide 12027-06-4 144.943 dec 1 678.15 1 1104.32 3 18.18 2 1515.30 2 0.0957 2 0.300 3 ---
223 NH5S ammonium hydrogensulfide 12124-99-1 51.112 391.15 1 --- --- 499.10 2 8.22 2 1515.30 2 0.0337 2 0.300 2 ---
224 NO nitric oxide 10102-43-9 30.006 112.15 1 121.38 1 180.15 1 64.80 1 58.00 1 0.5173 1 0.251 1 0.5829
225 NOF3 trifluoramine oxide 13847-65-9 87.001 112.15 1 185.65 1 303.00 1 64.30 1 147.00 1 0.5918 1 0.262 2 ---
226 NO2 nitrogen dioxide 10102-44-0 46.006 261.90 1 294.15 1 431.15 1 101.33 1 82.49 1 0.5577 1 0.233 1 0.8511
227 N2 nitrogen 7727-37-9 28.013 63.15 1 77.34 1 126.20 1 34.60 1 89.21 1 0.3140 1 0.294 1 0.0377
228 N2F2 cis-difluorodiazine 13812-43-6 66.010 --- --- 167.40 1 272.00 1 70.90 1 105.23 2 0.6273 2 0.262 2 ---
229 N2F2 trans-difluorodiazine 13776-62-0 66.010 101.15 1 161.70 1 260.00 1 55.70 1 105.23 2 0.6273 2 0.262 2 ---
230 N2F4 tetrafluorohydrazine 10036-47-2 104.007 111.65 1 198.95 1 309.35 1 37.10 1 213.00 2 0.4883 2 0.307 1,2 0.2233
231 N2H4 hydrazine 302-01-2 32.045 274.69 1 386.65 1 653.15 1 147.00 1 158.00 2 0.2028 2 0.428 1,2 0.3142
232 N2H4C ammonium cyanide 12211-52-8 44.056 309.15 1 304.85 1 491.32 2 109.47 2 102.24 2 0.4309 2 0.274 2 0.4250
233 N2H6CO2 ammonium carbamate 1111-78-0 78.071 --- --- --- --- 539.82 2 44.51 2 302.50 2 0.2581 2 0.300 2 0.1200
234 N2H6O hydrazine hydrate 7803-57-8 50.061 221.45 1 392.15 1 595.60 2 97.79 2 132.67 2 0.3773 2 0.262 2 ---
235 N2O nitrous oxide 10024-97-2 44.013 182.33 1 184.67 1 309.57 1 72.45 1 97.40 1 0.4519 1 0.274 1 0.1408
236 N2O3 nitrogen trioxide 10544-73-7 76.012 170.00 1 275.15 1 425.00 2 69.90 2 195.00 2 0.3898 2 0.386 2 0.4312
237 N2O4 nitrogen tetraoxide 10544-72-6 92.011 261.90 1 294.31 1 431.15 1 101.33 1 82.49 2 1.1154 2 0.233 1,2 0.8533
238 N2O5 nitrogen pentoxide 10102-03-1 108.010 314.15 1 306.15 1 515.51 2 64.33 2 182.56 2 0.5916 2 0.274 2 0.2660
239 Na sodium 7440-23-5 22.990 370.95 1 1156.00 1 2573.00 1 354.64 1 116.00 1 0.1982 1 0.192 1 ---
240 NaBr sodium bromide 7647-15-6 102.894 1020.00 1 1663.82 1 4287.00 3 192.52 2 398.00 2 0.2585 2 0.215 3 ---
241 NaCN sodium cyanide 143-33-9 49.007 836.85 1 1769.15 1 2900.00 3 237.60 2 304.46 2 0.1610 2 0.300 3 0.5890
242 NaCl sodium chloride 7647-14-5 58.442 1074.00 1 1738.20 1 3400.00 3 355.00 2 266.00 2 0.2197 2 0.334 3 0.1894
243 NaClH2O5 sodium perchlorate monohydrate 7791-07-3 140.455 dec 1 --- --- 3400.00 3 355.00 2 266.00 2 0.5280 2 0.334 3 0.1340
244 NaF sodium fluoride 7681-49-4 41.988 1269.00 1 1982.72 1 5530.00 3 531.96 2 185.00 2 0.2270 2 0.214 3 ---
245 NaI sodium iodide 7681-82-5 149.894 933.00 1 1577.00 1 3950.00 3 139.00 2 505.00 2 0.2968 2 0.214 3 ---
246 NaOH sodium hydroxide 1310-73-2 39.997 596.00 1 1830.00 1 2820.00 3 250.00 2 200.00 2 0.2000 2 0.213 3 0.4770
247 Nb niobium 7440-03-1 92.906 2750.15 1 5017.15 1 17904.10 3 10418.00 2 42.87 2 2.1672 2 0.300 3 ---
248 NbBr5 niobium (v) bromide 13478-45-0 492.426 527.15 1 633.15 1 954.75 2 46.15 2 450.62 2 1.0928 2 0.262 2 ---
249 NbC niobium carbide 12069-94-2 104.917 3881.15 1 4573.15 1 7689.49 3 818.86 2 204.55 2 0.5129 2 0.262 3 ---
250 NbCl5 niobium (v) chloride 10026-12-7 270.170 477.85 1 527.15 1 803.50 1 48.80 1 397.00 1 0.6805 1 0.262 2 ---
251 NbF5 niobium (v) fluoride 7783-68-8 187.898 353.15 1 502.15 1 737.00 1 62.80 1 155.00 1 1.2122 1 0.159 2 0.2410
252 Nd neodymium 7440-00-8 144.240 1294.15 1 3347.15 1 10665.10 3 6892.10 2 38.60 2 3.7368 2 0.300 3 ---
253 Ne neon 7440-01-9 20.180 24.55 1 27.09 1 44.40 1 26.53 1 41.70 1 0.4839 1 0.300 1 ---
254 Ni nickel 7440-02-0 58.693 1728.15 1 3186.15 1 6986.15 3 4918.50 2 35.43 2 1.6566 2 0.300 3 ---
255 NiC4O4 nickel carbonyl 13463-39-3 170.734 253.85 1 315.65 1 508.40 2 32.39 2 357.53 2 0.4775 2 0.274 2 0.0560
256 NiF2 nickel fluoride 10028-18-9 96.690 1723.15 1 --- --- 3278.75 3 270.37 2 302.50 2 0.3196 2 0.300 3 0.6540
257 O2 oxygen 7782-44-7 31.999 54.36 1 90.19 1 154.58 1 50.43 1 73.40 1 0.4360 1 0.288 1 0.0222
258 O3 ozone 10028-15-6 47.998 80.15 1 161.85 1 261.00 1 55.70 1 89.00 1 0.5393 1 0.228 1 0.2119
259 Os osmium 7440-04-2 190.230 3306.15 1 5285.15 1 16878.70 3 9938.90 2 42.36 2 4.4908 2 0.300 3 ---
260 OsO4 osmium tetroxide 20816-12-0 254.228 314.15 1 408.15 1 678.00 1 54.14 2 302.50 2 0.8404 2 0.291 1,2 0.1780
261 OsOF5 osmium oxide pentafluoride --- 301.221 --- --- --- --- 608.55 2 50.18 2 302.50 2 0.9958 2 0.300 2 0.1550
262 P phosphorus (white) 7723-14-0 30.974 317.30 1 553.65 1 994.00 1 83.29 1 297.62 1 0.1041 1 0.300 1,2 0.0320
263 P phosphorus (red) 7723-14-0 30.974 870.15 1 704.15 1 994.00 1 83.29 1 297.62 1 0.1041 1 0.300 1,2 0.0320
264 P phosphorus (black) 7723-14-0 30.974 883.15 1 --- --- 994.00 1 83.29 1 297.62 1 0.1041 1 0.300 1,2 0.0320
265 PBr3 phosphorus tribromide 7789-60-8 270.686 233.15 1 446.10 1 711.00 1 53.99 2 300.00 1 0.9023 1 0.274 1,2 0.2640
266 PC3H9O4 phosphate, trimethyl 512-56-1 140.075 --- --- --- --- 729.00 2 83.70 2 277.00 2 0.5057 2 0.383 2 0.4892
267 PC6H15O4 phosphate, triethyl 78-40-0 182.155 --- --- --- --- 757.00 2 68.40 2 586.00 2 0.3108 2 0.637 2 0.4144
268 PClF2 phosphorus (iii) chloride difluoride 14335-40-1 104.423 --- --- 225.90 1 362.40 1 45.20 1 172.90 2 0.6039 2 0.262 2 ---
269 PCl2F phosphorus (iii) dichloride fluoride 15597-63-4 120.878 --- --- 287.15 1 463.00 1 49.60 1 208.00 2 0.5811 2 0.262 2 ---
270 PCl2F3 phosphorus (v) dichloride trifluoride 13454-99-4 158.874 148.15 1 280.25 1 457.02 2 40.48 2 257.17 2 0.6178 2 0.274 2 0.1180
271 PCl3 phosphorus (iii) chloride 7719-12-2 137.332 181.15 1 349.25 1 563.15 1 56.70 2 260.00 1 0.5282 1 0.315 1,2 0.2344
272 PCl5 phosphorus pentachloride 10026-13-8 208.237 433.15 1 433.00 1 646.15 1 58.15 2 277.16 2 0.7513 2 0.300 1,2 0.5310
273 PF3 phosphorus (iii) fluoride 7783-55-3 87.969 121.65 1 171.65 1 271.20 1 43.30 1 138.73 2 0.6341 2 0.262 2 ---
274 PF5 phosphorus (v) fluoride 7647-19-0 125.966 179.35 1 188.55 1 296.31 2 37.23 2 173.38 2 0.7265 2 0.262 2 ---
275 PH3 phosphine 7803-51-2 33.998 139.37 1 185.41 1 324.75 1 65.40 1 155.95 1 0.2180 1 0.378 1 0.0452
276 PH4Br phosphonium bromide --- 114.910 --- --- --- --- 501.76 2 62.26 2 183.57 2 0.6260 2 0.274 2 0.2540
277 PH4Cl phosphonium chloride 24567-53-1 70.458 --- --- --- --- 322.30 1 73.70 1 149.42 2 0.4715 2 0.411 1,2 ---
278 PH4I phosphonium iodide 12125-09-6 161.910 291.65 1 335.65 1 539.70 2 77.61 2 158.40 2 1.0222 2 0.274 2 0.3260
279 POBr3 phosphorus (v) oxybromide 7789-59-5 286.685 329.15 1 464.85 1 712.70 2 57.99 2 267.73 2 1.0708 2 0.262 2 ---
280 POCl3 phosphorus oxychloride 10025-87-3 153.331 274.33 1 378.65 1 602.15 1 34.40 2 201.00 2 0.7628 2 0.138 1,2 0.0832
281 PSBr3 phosphorus thiobromide 3931-89-3 302.752 --- --- --- --- 729.89 2 60.19 2 302.50 2 1.0008 2 0.300 2 0.2090
282 PSCl3 phosphorus thiochloride 3982-91-0 169.398 236.95 1 398.15 1 638.82 2 48.57 2 299.58 2 0.5655 2 0.274 2 0.1920
283 PSClF2 phosphorus (v) sulfide chloride difluoride 2524-02-9 136.489 118.15 1 279.45 1 439.20 1 41.40 1 230.05 2 0.5933 2 0.262 2 ---
284 PSF3 phosphorus (v) sulfide trifluoride 2404-52-6 120.035 124.35 1 220.90 1 346.00 1 38.20 1 194.38 2 0.6175 2 0.262 2 ---
285 P2Cl4 phosphorous chloride 13497-91-1 203.758 245.15 1 453.15 1 696.14 2 40.59 2 373.56 2 0.5454 2 0.262 2 ---
286 P2F4 phosphorous difluoride 13824-74-3 137.941 186.65 1 266.95 1 417.00 2 40.94 2 221.89 2 0.6217 2 0.262 2 ---
287 P2O3 phosphorus trioxide 1314-24-5 109.946 296.95 1 446.15 1 667.60 2 65.77 2 221.12 2 0.4972 2 0.262 2 ---
288 P2O5 phosphorus pentoxide 1314-56-3 141.945 693.15 1 878.15 1 1245.86 3 100.51 2 270.02 2 0.5257 2 0.262 3 ---
289 P2S3 phosphorus (iii) sulfide 12165-69-4 158.146 563.15 1 763.15 1 1224.35 3 81.55 2 327.02 2 0.4836 2 0.262 3 ---
290 P2S5 phosphorus (v) sulfide 1314-80-3 222.278 561.15 1 787.15 1 1291.00 3 232.00 2 138.81 2 1.6013 2 0.300 3 0.5936
291 P4O6 phosphorous (iii) oxide 12440-00-5 219.891 296.95 1 446.15 1 714.86 2 52.08 2 312.69 2 0.7032 2 0.274 2 0.2180
292 P4S3 phosphorus sesquisulfide 1314-85-8 220.093 445.15 1 680.95 1 1043.94 3 47.34 2 480.31 2 0.4582 2 0.262 3 ---
293 P4S6 tetraphosphorus hexasulfide 131105-01-6 316.291 563.15 1 763.15 1 1130.96 3 35.11 2 701.64 2 0.4508 2 0.262 3 ---
294 P4S7 phosphorus heptasulfide 12037-82-0 348.357 581.15 1 796.15 1 1167.97 3 32.53 2 781.99 2 0.4455 2 0.262 3 ---
295 P4Se3 phosphorous triselinide 1314-86-9 360.775 518.15 1 653.15 1 986.59 2 42.07 2 510.87 2 0.7062 2 0.262 2 ---
296 Pb lead 7439-92-1 207.200 600.61 1 2022.15 1 5400.00 3 861.30 2 93.20 2 2.2232 2 0.179 3 ---
297 PbBr2 lead bromide 10031-22-8 367.008 644.15 1 1165.15 1 1933.47 3 159.43 2 302.50 2 1.2132 2 0.300 3 0.4980
298 PbC8H20 tetraethyl lead 78-00-2 323.444 --- --- --- --- 655.00 2 21.25 2 636.10 2 0.5085 2 0.248 2 0.4783
299 PbCl2 lead chloride 7758-95-4 278.105 774.15 1 1224.15 1 1998.62 3 164.81 2 302.50 2 0.9194 2 0.300 3 0.5070
300 PbF2 lead fluoride 7783-46-2 245.197 1103.15 1 1566.15 1 2550.73 3 210.33 2 302.50 2 0.8106 2 0.300 3 0.5800
301 PbI2 lead iodide 10101-63-0 461.009 675.15 1 dec 1 1865.07 3 153.79 2 302.50 2 1.5240 2 0.300 3 0.4870
302 PbO lead oxide 1317-36-8 223.199 1161.15 1 1747.15 1 2842.26 3 234.37 2 302.50 2 0.7378 2 0.300 3 0.6120
303 PbS lead sulfide 1314-87-0 239.266 1387.15 1 1554.15 1 2531.19 3 208.72 2 302.50 2 0.7910 2 0.300 3 0.5770
304 Pd palladium 7440-05-3 106.420 1828.05 1 3236.15 1 10669.10 3 6894.10 2 38.60 2 2.7570 2 0.300 3 ---
305 Po polonium 7440-08-6 208.982 527.15 1 1235.15 1 3013.08 3 2515.30 2 29.88 2 6.9941 2 0.300 3 0.0110
306 Pt platinum 7440-06-4 195.078 2041.55 1 4098.15 1 6983.00 3 8105.90 2 759.10 2 0.2570 2 10.599 3 ---
307 Ra radium 7440-14-4 226.000 973.15 1 1799.15 1 4862.82 3 3684.30 2 32.92 2 6.8651 2 0.300 3 ---
308 Rb rubidium 7440-17-7 85.468 312.45 1 961.15 1 2093.00 3 160.00 2 247.00 2 0.3460 2 0.227 3 ---
309 RbBr rubidium bromide 7789-39-1 165.372 955.15 1 1613.15 1 2646.82 3 218.26 2 302.50 2 0.5467 2 0.300 3 0.5910
310 RbCl rubidium chloride 7791-11-9 120.921 988.15 1 1663.15 1 2694.06 3 222.15 2 302.50 2 0.3997 2 0.300 3 0.5960
311 RbF rubidium fluoride 13446-74-7 104.466 1106.15 1 1683.15 1 2738.03 3 225.78 2 302.50 2 0.3453 2 0.300 3 0.6010
312 RbI rubidium iodide 7790-29-6 212.372 915.15 1 1573.15 1 2568.65 3 211.81 2 302.50 2 0.7021 2 0.300 3 0.5820
313 Re rhenium 7440-15-5 186.207 3459.15 1 5869.15 1 21482.80 3 12047.00 2 32.10 2 5.8008 2 0.217 3 ---
314 ReOCl4 rhenium (vi) oxytetrachloride 13814-76-1 344.017 302.45 1 496.15 1 781.00 1 --- --- 362.00 1 0.9503 1 --- --- ---
315 Re2O7 rhenium heptoxide 1314-68-7 484.410 570.15 1 633.15 1 942.00 1 85.35 2 334.00 1 1.4503 1 0.364 1,2 0.3130
316 Rh rhodium 7440-16-6 102.906 2237.15 1 3968.15 1 12906.60 3 8024.40 2 40.12 2 2.5649 2 0.300 3 ---
317 Rn radon 10043-92-2 222.000 202.15 1 211.45 1 377.00 1 62.80 1 140.00 2 1.5857 2 0.281 1,2 ---
318 Ru ruthenium 7440-18-8 101.070 2607.15 1 4423.15 1 15247.10 3 9165.00 2 41.50 2 2.4354 2 0.300 3 ---
319 RuF5 ruthenium (v) fluoride 14521-18-7 196.062 359.65 1 500.15 1 977.44 2 80.60 2 302.50 2 0.6481 2 0.300 2 0.2960
320 S sulfur 7704-34-9 32.066 388.36 1 717.82 1 1314.00 1 117.55 1 158.00 2 0.2029 2 0.170 3 0.2463
321 SCl2 sulfur dichloride 10545-99-0 102.971 151.15 1 332.75 1 542.00 2 66.80 2 183.00 2 0.5627 2 0.271 2 0.2561
322 SCl2O thionyl chloride 7719-09-7 118.971 168.65 1 348.75 1 567.00 2 44.30 2 208.00 2 0.5720 2 0.195 2 0.0946
323 SF4 sulfur tetrafluoride 7783-60-0 108.060 148.15 1 232.70 1 364.00 1 52.22 2 158.77 2 0.6806 2 0.274 1,2 0.3070
324 SF5Br sulfur bromide pentafluoride 15607-89-3 206.962 194.15 1 276.25 1 427.96 2 43.01 2 216.76 2 0.9548 2 0.262 2 ---
325 SF5Cl sulfur chloride pentafluoride 13780-57-9 162.511 209.15 1 254.10 1 390.90 1 39.60 2 217.07 2 0.7486 2 0.262 2 ---
326 SF6 sulfur hexafluoride 2551-62-4 146.056 222.45 1 209.25 1 318.69 1 37.60 1 198.52 1 0.7357 1 0.282 1 0.2151
327 SF6O sulfur fluoride hypofluorite 15179-32-5 162.056 187.15 1 238.05 1 358.69 2 38.07 2 205.26 2 0.7895 2 0.262 2 ---
328 SOBr2 thionyl bromide 507-16-4 207.873 223.15 1 413.15 1 661.75 2 64.89 2 232.32 2 0.8948 2 0.274 2 0.2830
329 SOCl2 thionyl chloride 7719-09-7 118.971 172.15 1 348.75 1 567.00 2 63.63 2 203.00 2 0.5861 2 0.274 2 0.2310
330 SOF2 thionyl fluoride 7783-42-8 86.062 143.65 1 229.35 1 371.25 2 59.28 2 142.65 2 0.6033 2 0.274 2 0.2180
331 SO2 sulfur dioxide 7446-09-5 64.065 200.00 1 263.13 1 430.75 1 78.84 1 122.00 1 0.5251 1 0.269 1 0.2453
332 SO2Cl2 sulfuryl chloride 7791-25-5 134.970 219.00 1 342.55 1 545.00 2 46.10 2 234.00 2 0.5768 2 0.238 2 0.1764
333 SO2F2 sulfuryl fluoride 2699-79-8 102.062 137.35 1 217.75 1 336.28 2 46.39 2 157.89 2 0.6464 2 0.262 2 ---
334 SO3 sulfur trioxide 7446-11-9 80.064 289.95 1 317.90 1 490.85 1 82.10 1 127.00 1 0.6304 1 0.255 1 0.4240
335 S2Cl2 sulfur monochloride 10025-67-9 135.037 196.15 1 410.15 1 659.37 2 62.75 2 239.38 2 0.5641 2 0.274 2 0.2720
336 S2F2 1,1 difluorodisulfane 101947-30-2 102.129 108.55 1 262.55 1 434.64 2 56.55 2 167.42 2 0.6100 2 0.262 2 ---
337 S2F2 difluorodisulfane 13709-35-8 102.129 140.15 1 288.15 1 477.01 2 62.06 2 167.42 2 0.6100 2 0.262 2 ---
338 S3Cl2 trisulfur dichloride 31703-09-0 167.103 227.15 1 304.15 1 489.74 2 35.76 2 298.29 2 0.5602 2 0.262 2 ---
339 S4N4 sulfur (iii) nitiride 28950-34-7 184.291 453.15 1 458.15 1 665.98 2 41.32 2 351.07 2 0.5249 2 0.262 2 ---
340 Sb antimony 7440-36-0 121.760 903.78 1 1860.15 1 5070.00 3 3865.60 2 32.72 2 3.7213 2 0.300 3 ---
341 SbBr3 antimony tribromide 7789-61-9 361.472 369.75 1 553.15 1 904.00 1 73.62 2 300.00 1 1.2049 1 0.294 1,2 0.2690
342 SbCl3 antimony trichloride 10025-91-9 228.118 346.55 1 493.40 1 794.00 1 48.20 2 272.00 1 0.8387 1 0.199 1,2 0.1710
343 SbCl5 antimony pentachloride 7647-18-9 299.024 275.95 1 449.15 1 662.54 2 39.42 2 382.86 2 0.7810 2 0.274 2 0.1290
344 SbH3 stibine 7803-52-3 124.784 185.15 1 255.15 1 440.35 2 73.06 2 157.20 2 0.7938 2 0.314 2 0.0970
345 SbI3 antimony triiodide 7790-44-5 502.473 440.15 1 674.15 1 1102.00 1 90.54 2 302.50 2 1.6611 2 0.299 1,2 0.3300
346 Sb2O3 antimony (iii) oxide 1309-64-4 291.518 928.15 1 1698.15 1 2765.72 3 228.06 2 302.50 2 0.9637 2 0.300 3 0.6040
347 Sc scandium 7440-20-2 44.956 1814.15 1 3109.15 1 8035.08 3 5499.00 2 36.45 2 1.2334 2 0.300 3 ---
348 Se selenium (gray) 7782-49-2 78.960 493.65 1 958.15 1 1766.00 1 272.00 1 62.30 2 1.2674 2 0.115 1,2 0.2270
349 Se selenium (a form) 7782-49-2 78.960 494.15 1 958.15 1 1766.00 1 272.00 1 62.30 2 1.2674 2 0.115 1,2 0.2270
350 Se selenium (vitreous) 7782-49-2 78.960 453.15 1 958.15 1 1766.00 1 272.00 1 62.30 2 1.2674 2 0.115 1,2 0.2270
351 SeCS selenosulfide, carbon 5951-19-9 123.037 197.95 1 358.75 1 576.53 2 74.12 2 177.18 2 0.6944 2 0.274 2 0.3160
352 SeCl4 selenium tetrachloride 10026-03-6 220.771 578.15 1 464.55 1 743.95 2 61.05 2 277.61 2 0.7953 2 0.274 2 0.2690
353 SeF4 selenium tetrafluoride 13465-66-2 154.954 263.15 1 379.15 1 608.64 2 85.60 2 154.88 2 1.0005 2 0.262 2 ---
354 SeF6 selenium hexafluoride 7783-79-1 192.950 238.45 1 227.35 1 345.50 1 44.75 1 187.74 1 1.0278 1 0.292 1,2 0.1330
355 SeOCl2 selenium oxychloride 7791-23-3 165.865 281.65 1 450.15 1 730.00 1 70.90 1 235.00 1 0.7058 1 0.275 1 0.3400
356 SeOF2 selenium oxyfluoride 7783-43-9 132.956 288.15 1 398.15 1 635.50 2 96.70 2 143.15 2 0.9288 2 0.262 2 ---
357 SeO2 selenium dioxide 7446-08-4 110.959 613.15 1 588.15 1 961.16 2 79.26 2 302.50 2 0.3668 2 0.300 2 0.2910
358 SeO2F2 selenium dioxydifluoride 14984-81-7 148.956 173.65 1 264.75 1 406.72 2 53.38 2 165.98 2 0.8974 2 0.262 2 ---
359 Se2C diselenide, carbon 506-80-9 169.931 229.45 1 398.65 1 665.03 2 77.18 2 187.70 2 0.9053 2 0.262 2 ---
360 Si silicon 7440-21-3 28.086 1685.00 1 3490.00 1 5159.00 3 537.00 2 232.60 2 0.1207 2 0.291 3 1.5140
361 SiBrCl2F silane, bromodichlorofluoro --- 197.893 160.85 1 308.55 1 497.17 2 38.27 2 295.93 2 0.6687 2 0.274 2 0.1060
362 SiBr2ClF silane, dibromochlorofluoro --- 242.345 173.85 1 332.65 1 535.27 2 39.32 2 310.14 2 0.7814 2 0.274 2 0.1180
363 SiBr3Cl silane, tribromochloro 13465-76-4 303.250 252.35 1 400.15 1 614.74 2 43.72 2 306.27 2 0.9901 2 0.262 2 ---
364 SiBr4 tetrabromosilane 7789-66-4 347.702 278.54 1 427.15 1 663.00 1 46.62 2 382.00 1 0.9102 1 0.262 2 ---
365 SiCH3Cl3 silane, methyltrichloro 75-79-6 149.478 --- --- --- --- 517.00 1 35.30 1 340.00 1 0.4396 1 0.279 1 0.2634
366 SiCH4Cl2 silane, methyldichloro 75-54-7 115.033 --- --- --- --- 483.00 2 39.50 2 289.00 2 0.3980 2 0.284 2 0.2758
367 SiC2H5Cl3 silane, ethyltrichloro 115-21-9 163.505 --- --- --- --- 559.95 1 33.30 1 414.00 2 0.3949 2 0.296 1,2 0.2691
368 SiC2H6Cl2 silane, dimethyldichloro 75-78-5 129.060 --- --- --- --- 520.35 1 34.90 1 358.00 1 0.3605 1 0.289 1 0.2675
369 SiC3H10 silane, trimethyl 933-07-7 74.197 --- --- --- --- 432.00 2 31.90 2 311.00 2 0.2386 2 0.276 2 0.1751
370 SiC7H8Cl2 silane, methylphenyldichloro 149-74-6 191.129 --- --- --- --- 689.00 2 28.70 2 508.00 2 0.3762 2 0.255 2 0.4022
371 SiC8H20 silane, tetraethyl 631-36-7 144.330 --- --- --- --- 606.00 1 24.00 2 587.00 1 0.2459 1 0.280 1,2 0.4002
372 SiClC3H9 chlorotrimethylsilane 75-77-4 108.642 --- --- --- --- 497.75 1 32.00 1 366.00 1 0.2968 1 0.283 1 0.2701
373 SiClF3 silane, chlorotrifluoro 14049-36-6 120.533 135.15 1 203.15 1 307.70 1 34.60 1 213.61 2 0.5643 2 0.289 1,2 0.0530
374 SiCl2F2 silane, dichlorodifluoro 18356-71-3 136.988 229.15 1 241.15 1 369.00 1 35.00 1 247.69 2 0.5531 2 0.283 1,2 0.0720
375 SiCl3Br silane, bromotrichloro 13465-74-2 214.348 211.15 1 353.45 1 545.50 2 38.71 2 306.93 2 0.6984 2 0.262 2 ---
376 SiCl3F silane, trichlorofluoro 14965-52-7 153.442 152.35 1 285.40 1 438.60 1 35.80 1 281.72 2 0.5447 2 0.277 1,2 0.0930
377 SiCl4 silicon tetrachloride 10026-04-7 169.896 204.30 1 330.00 1 507.00 1 35.90 1 326.00 1 0.5212 1 0.278 1 0.2318
378 SiF4 silicon tetrafluoride 7783-61-1 104.079 186.35 1 187.15 1 259.00 1 37.20 1 202.00 2 0.5152 2 0.349 1,2 0.3858
379 SiHBr3 silane, tribromo 7789-57-3 268.805 200.15 1 382.15 1 610.00 1 47.02 2 305.00 1 0.8813 1 0.283 1,2 0.2220
380 SiHCl3 silane, trichloro 10025-78-2 135.452 144.95 1 305.00 1 479.00 1 41.70 2 268.00 1 0.5054 1 0.281 1,2 0.2030
381 SiHF3 silane, trifluoro 13465-71-9 86.089 141.75 1 178.15 1 291.02 2 39.95 2 165.93 2 0.5188 2 0.274 2 0.0790
382 SiH2Br2 silane, dibromo 13768-94-0 189.909 203.05 1 339.15 1 550.00 2 53.00 2 246.00 2 0.7720 2 0.285 2 0.2270
383 SiH2Cl2 silane, dichloro 4109-96-0 101.007 151.15 1 281.45 1 459.00 2 45.90 2 237.00 2 0.4262 2 0.285 2 0.0985
384 SiH2F2 silane, difluoro 13824-36-7 68.098 151.15 1 195.35 1 318.21 2 47.59 2 152.31 2 0.4471 2 0.274 2 0.1390
385 SiH2I2 silane, diiodo 13760-02-6 283.910 272.15 1 423.15 1 660.00 2 66.88 2 232.00 2 1.2238 2 0.283 2 0.3890
386 SiH3Br silane, monobromo 13465-73-1 111.013 179.25 1 275.55 1 454.00 2 56.44 2 177.00 2 0.6272 2 0.265 2 0.1550
387 SiH3Cl silane, monochloro 13465-78-6 66.562 155.05 1 242.75 1 396.65 2 48.43 2 174.00 2 0.3825 2 0.256 2 0.1360
388 SiH3F silane, monofluoro 13537-33-2 50.108 --- --- 175.15 1 286.28 2 46.88 2 139.12 2 0.3602 2 0.274 2 0.1250
389 SiH3I silane, iodo 13598-42-0 158.014 216.15 1 318.55 1 515.00 2 69.41 2 160.00 2 0.9876 2 0.259 2 0.2760
390 SiH4 silane 7803-62-5 32.117 88.48 1 161.00 1 269.70 1 48.40 1 132.70 2 0.2420 2 0.286 1,2 0.0938
391 SiI4 silane, tetraiodo 13465-84-4 535.703 393.65 1 560.50 1 944.00 1 50.54 2 558.00 1 0.9600 1 0.262 2 ---
392 SiO2 silicon dioxide (alpha quartz) 14808-60-7 60.084 1696.00 1 2503.20 1 3780.00 3 31.60 2 163.00 2 0.3686 2 0.016 3 0.7190
393 SiO2 silicon dioxide (tridymite) 15468-32-3 60.084 1743.15 1 3223.15 1 5021.49 3 788.13 2 138.79 2 0.4329 2 0.262 3 ---
394 SiO2 silicon dioxide (cristobalite) 14464-46-1 60.084 1995.15 1 3223.15 1 5021.49 3 788.13 2 138.79 2 0.4329 2 0.262 3 ---
395 SiO2 silicon dioxide (vitreous) 60676-86-0 60.084 1986.15 1 3223.15 1 5021.49 3 788.13 2 138.79 2 0.4329 2 0.262 3 ---
396 SiS silicon monosulfide 12504-41-5 60.152 --- --- 1213.15 1 2033.65 3 298.95 2 148.18 2 0.4059 2 0.262 3 ---
397 Si2C6H18O disiloxane, hexamethyl 107-46-0 162.378 --- --- --- --- 518.70 1 19.14 1 601.00 2 0.2702 2 0.267 1,2 0.4152
398 Si2C6H19N disilazane, hexamethyl 999-97-3 161.393 --- --- --- --- 544.00 2 19.20 2 613.00 2 0.2633 2 0.260 2 0.5101
399 Si2Cl6 disilane, hexachloro 13465-77-5 268.887 271.95 1 418.15 1 660.96 2 29.11 2 517.27 2 0.5198 2 0.274 2 0.0350
400 Si2Cl6O disiloxane, hexachloro 14986-21-1 284.887 --- --- --- --- 655.58 2 27.90 2 535.21 2 0.5323 2 0.274 2 0.0220
401 Si2F6 disilane, hexafluoro --- 170.161 254.55 1 254.25 1 411.33 2 30.16 2 310.64 2 0.5478 2 0.274 2 0.0220
402 Si2H6 disilane 1590-87-0 62.219 140.65 1 259.00 1 432.00 2 51.30 2 223.00 2 0.2790 2 0.319 2 0.0939
403 Si2H6O disiloxane 13597-73-4 78.218 129.15 1 257.95 1 416.86 2 36.19 2 262.41 2 0.2981 2 0.274 2 0.0780
404 Si2OCl3F3 disiloxane, trichlorotrifluoro --- 235.524 --- --- 315.89 1 508.78 2 26.77 2 433.00 2 0.5439 2 0.274 2 ---
405 Si3Cl8 octachlorotrisilane --- 367.878 --- --- 484.55 1 775.41 2 24.70 2 714.99 2 0.5145 2 0.274 2 ---
406 Si3H8 trisilane 7783-26-8 92.320 155.75 1 326.05 1 525.15 2 33.70 2 354.94 2 0.2601 2 0.274 2 0.0700
407 Si3H9N trisilazane --- 107.335 167.45 1 321.85 1 518.20 2 31.65 2 372.91 2 0.2878 2 0.274 2 0.0500
408 Si4H10 tetrasilane 7783-29-1 122.421 188.85 1 380.55 1 599.30 2 29.68 2 460.01 2 0.2661 2 0.274 2 0.0370
409 Sm samarium 7440-19-9 150.360 1347.15 1 2067.15 1 5082.92 3 3816.70 2 33.22 2 4.5262 2 0.300 3 ---
410 Sn tin (white) 7440-31-5 118.710 505.08 1 2875.15 1 7400.00 3 6099.80 2 115.10 2 1.0314 2 1.141 3 0.1010
411 Sn tin (gray) 7440-31-5 118.710 505.08 1 2875.15 1 4918.28 3 853.80 2 125.48 2 0.9461 2 0.262 3 ---
412 SnBr2 tin (ii) bromide 10031-24-0 278.518 488.15 1 912.15 1 1466.09 3 139.11 2 229.58 2 1.2132 2 0.262 3 ---
413 SnBr4 stannic bromide 7789-67-5 438.326 302.25 1 478.15 1 744.00 1 43.43 2 417.00 1 1.0511 1 0.293 1,2 0.1650
414 SnCH6 methylstannane 1631-78-3 136.768 --- --- 273.15 1 438.71 2 46.72 2 204.53 2 0.6687 2 0.262 2 ---
415 SnCl2 stannous chloride 7772-99-8 189.615 520.25 1 896.15 1 1459.53 3 120.35 2 302.50 2 0.6268 2 0.300 3 0.4140
416 SnCl4 stannic chloride 7646-78-8 260.521 239.08 1 387.30 1 591.90 1 37.50 1 351.00 1 0.7422 1 0.267 1 0.1400
417 SnF2 tin (ii) fluoride 7783-47-3 156.707 486.15 1 1123.15 1 1835.05 3 250.18 2 159.77 2 0.9808 2 0.262 3 ---
418 SnF4 tin (iv) fluoride 7783-62-2 194.704 --- --- 978.15 1 1539.60 3 171.98 2 195.00 2 0.9985 2 0.262 3 ---
419 SnH4 stannane 2406-52-2 122.742 127.15 1 221.35 1 358.52 2 53.42 2 152.88 2 0.8029 2 0.274 2 0.1840
420 SnI2 tin (ii) iodide 10294-70-9 372.519 593.15 1 987.15 1 1635.64 3 132.69 2 268.52 2 1.3873 2 0.262 3 ---
421 SnI4 stannic iodide 7790-47-8 626.328 416.15 1 637.50 1 968.00 1 83.42 2 531.00 1 1.1795 1 0.550 2 0.3060
422 SnS tin (ii) sulfide 1314-95-0 150.776 1153.15 1 1483.15 1 2486.26 3 299.96 2 180.55 2 0.8351 2 0.262 3 ---
423 Sr strontium 7440-24-6 87.620 1050.15 1 1655.15 1 4267.20 3 3319.80 2 32.06 2 2.7330 2 0.300 3 ---
424 T2 tritium 10028-17-8 6.032 20.62 1 25.04 1 44.91 2 23.80 2 41.11 2 0.1467 2 0.262 2 ---
425 Ta tantalum 7440-25-7 180.948 3290.15 1 5731.15 1 19900.90 3 11334.00 2 43.80 2 4.1312 2 0.300 3 ---
426 TaBr5 tantalum (v) bromide 13451-11-1 580.468 538.15 1 622.15 1 974.00 1 --- --- 461.00 1 1.2591 1 --- --- ---
427 TaCl5 tantalum (v) chloride 7721-01-9 358.211 489.15 1 512.50 1 767.00 1 --- --- 402.00 1 0.8911 1 --- --- ---
428 Tc technetium 7440-26-8 98.000 2430.15 1 4538.15 1 17400.80 3 10183.00 2 42.62 2 2.2994 2 0.300 3 ---
429 Te tellurium 13494-80-9 127.600 722.66 1 1261.15 1 4840.00 3 2617.10 2 46.13 2 2.7661 2 0.300 3 ---
430 TeBr2 tellurium dibromide 7789-54-0 287.408 483.15 1 612.15 1 1032.59 3 179.77 2 125.12 2 2.2971 2 0.262 3 ---
431 TeCl2 tellurium dichloride 10025-71-5 198.505 481.15 1 601.15 1 1021.54 3 177.03 2 125.69 2 1.5793 2 0.262 3 ---
432 TeCl4 tellurium tetrachloride 10026-07-0 269.411 497.15 1 660.15 1 1002.00 1 85.60 1 310.00 1 0.8691 1 0.319 1,2 0.3260
433 TeF6 tellurium hexafluoride 7783-80-4 241.590 235.55 1 234.25 1 356.00 1 34.47 2 251.23 2 0.9616 2 0.293 1,2 0.0570
434 TeO2 tellurium dioxide 7446-07-3 159.599 1006.15 1 1518.15 1 2463.10 3 756.05 2 70.96 2 2.2490 2 0.262 3 ---
435 Ti titanium 7440-32-6 47.867 1941.15 1 3560.15 1 6400.00 3 7010.20 2 22.77 2 2.1022 2 0.300 3 0.9150
436 TiBr4 titanium (iv) bromide 7789-68-6 367.483 312.15 1 503.15 1 795.70 1 57.13 2 391.00 1 0.9399 1 0.262 2 ---
437 TiCl2 titanium (ii) chloride 10049-06-6 118.772 1308.15 1 1773.15 1 2906.02 3 335.86 2 188.47 2 0.6302 2 0.262 3 ---
438 TiCl3 titanium (iii) chloride 7705-07-9 154.225 713.15 1 1233.15 1 1971.57 3 177.20 2 242.36 2 0.6363 2 0.262 3 ---
439 TiCl4 titanium tetrachloride 7550-45-0 189.678 249.05 1 409.00 1 638.00 1 46.61 1 340.00 1 0.5579 1 0.299 1 0.2837
440 TiF3 titanium (iii) fluoride 13470-08-1 104.862 1473.15 1 1673.15 1 2716.12 3 431.33 2 137.17 2 0.7645 2 0.262 3 ---
441 TiI4 titanium (iv) iodide 7720-83-4 555.485 423.15 1 650.15 1 1040.00 1 60.88 2 505.00 1 1.1000 1 0.262 3 ---
442 TiO2 rutile 1317-80-2 79.866 2130.00 1 3023.00 1 4763.33 3 792.00 2 131.01 2 0.6096 2 0.262 3 ---
443 Tl thallium 7440-28-0 204.383 577.15 1 1746.15 1 4648.06 3 3554.00 2 32.62 2 6.2656 2 0.300 3 ---
444 TlBr thallous bromide 7789-40-4 284.287 733.15 1 1092.15 1 1778.75 3 146.68 2 302.50 2 0.9398 2 0.300 3 0.4730
445 TlI thallium iodide 7790-30-9 331.288 714.85 1 1097.15 1 1785.26 3 147.21 2 302.50 2 1.0952 2 0.300 3 0.4740
446 Tm thulium 7440-30-4 168.934 1818.15 1 2223.15 1 6283.16 3 4519.70 2 34.68 2 4.8712 2 0.300 3 ---
447 U uranium 7440-61-1 238.029 1408.15 1 4404.15 1 13712.60 3 8421.60 2 40.62 2 5.8599 2 0.300 3 ---
448 UC2 uranium carbide 12071-33-9 262.050 2623.15 1 4643.15 1 7688.33 3 805.83 2 207.83 2 1.2609 2 0.262 3 ---
449 UCl4 uranium (iv) chloride 10026-10-5 379.840 863.15 1 1064.15 1 1661.19 3 103.65 2 349.11 2 1.0880 2 0.262 3 ---
450 UF4 uranium (iv) fluoride 10049-14-6 314.023 1309.15 1 1690.15 1 2686.76 3 292.77 2 199.90 2 1.5709 2 0.262 3 ---
451 UF6 uranium fluoride 7783-81-5 352.019 337.15 1 329.65 1 505.80 1 46.60 1 250.00 1 1.4081 1 0.277 1 0.3180
452 UN2O8 uranyl nitrate 10102-06-4 394.038 333.35 1 391.15 1 510.39 2 29.49 2 377.05 2 1.0451 2 0.262 2 ---
453 V vanadium 7440-62-2 50.942 2190.00 1 3653.15 1 11325.00 3 10314.00 2 32.80 2 1.5531 2 0.359 3 ---
454 VCl4 vanadium tetrachloride 7632-51-1 192.752 247.45 1 425.00 1 697.00 2 60.30 2 268.00 2 0.7192 2 0.279 2 0.1858
455 VOCl vanadyl chloride 13520-87-1 102.394 --- --- 400.15 1 636.00 1 --- --- 171.00 1 0.5988 1 --- --- ---
456 VOCl3 vanadium oxytrichloride 7727-18-6 173.299 193.65 1 400.00 1 636.00 1 37.40 2 290.00 1 0.5976 1 0.205 1,2 0.1305
457 W tungsten 7440-33-7 183.840 3695.15 1 5828.15 1 14756.00 3 11497.00 2 33.90 2 5.4230 2 0.318 3 0.0770
458 WBr5 tungsten (v) bromide 13470-11-6 583.360 559.15 1 606.15 1 923.75 2 57.75 2 348.45 2 1.6742 2 0.262 2 ---
459 WCl5 tungsten (v) chloride 13470-14-9 361.104 515.15 1 559.15 1 861.73 2 53.61 2 350.15 2 1.0313 2 0.262 2 ---
460 WCl6 tungsten (vi) chloride 13283-01-7 396.556 548.15 1 619.90 1 923.00 1 49.75 2 422.00 1 0.9397 1 0.262 2 ---
461 WF6 tungsten fluoride 7783-82-6 297.830 275.45 1 290.25 1 444.00 1 43.40 1 233.00 1 1.2782 1 0.274 1 0.1630
462 WOBr4 tungsten (vi) oxytetrabromide 13520-77-9 519.455 550.15 1 600.15 1 903.22 2 62.22 2 316.20 2 1.6428 2 0.262 2 ---
463 WOCl4 tungsten (vi) oxytetrachloride 13520-78-0 341.650 484.15 1 500.70 1 782.00 1 52.13 2 338.00 1 1.0108 1 0.262 2 ---
464 WOF4 tungsten (vi) oxytetrafluoride 13520-79-1 275.833 379.15 1 459.05 1 707.67 2 89.88 2 171.51 2 1.6083 2 0.262 2 ---
465 Xe xenon 7440-63-3 131.290 161.36 1 165.03 1 289.74 1 58.40 1 118.00 1 1.1126 1 0.286 1 0.0000
466 XeF2 xenon difluoride 13709-36-9 169.287 402.18 1 387.50 1 631.00 1 93.20 1 148.00 1 1.1438 1 0.262 2 ---
467 XeF4 xenon tetrafluoride 13709-61-0 207.284 390.25 1 388.90 1 612.00 1 70.40 1 188.00 1 1.1026 1 0.262 2 ---
468 XeF6 xenon hexafluoride 13693-09-9 245.280 322.65 1 348.75 1 534.62 2 54.14 2 215.11 2 1.1403 2 0.262 2 ---
469 Y yttrium 7440-65-5 88.906 1795.15 1 3618.15 1 9381.32 3 6222.00 2 37.61 2 2.3639 2 0.300 3 ---
470 Yb ytterbium 7440-64-4 173.040 1092.15 1 1469.15 1 4365.92 3 3380.90 2 32.21 2 5.3722 2 0.300 3 ---
471 Zn zinc 7440-66-6 65.390 692.68 1 1180.15 1 3170.00 3 2904.00 2 33.00 2 1.9815 2 0.364 3 0.0459
472 ZnCl2 zinc chloride 7646-85-7 136.295 563.15 1 1005.15 1 1637.05 3 134.99 2 302.50 2 0.4506 2 0.300 3 0.4480
473 ZnF2 zinc fluoride 7783-49-5 103.387 1145.15 1 1773.15 1 2882.98 3 237.73 2 302.50 2 0.3418 2 0.300 3 0.6160
474 Zr zirconium 7440-67-7 91.224 2128.15 1 4682.15 1 8802.00 3 9364.60 2 23.45 2 3.8901 2 0.300 3 0.8590
475 ZrBr4 zirconium bromide 13777-25-8 410.840 723.15 1 633.15 1 805.00 1 84.63 2 424.00 2 0.9690 2 0.536 2 0.3100
476 ZrCl2 zirconium dichloride 13762-26-0 162.129 1000.15 1 1565.15 1 2072.62 3 245.16 2 184.16 2 0.8804 2 0.262 3 ---
477 ZrCl4 zirconium chloride 10026-11-6 233.035 710.15 1 604.15 1 778.00 1 57.70 1 319.00 1 0.7305 1 0.285 1 0.2980
478 ZrF4 zirconium (iv) fluoride 7783-64-4 167.218 1205.15 1 1185.15 1 1553.38 3 225.35 2 150.15 2 1.1137 2 0.262 3 ---
479 ZrI4 zirconium iodide 13986-26-0 598.842 772.15 1 704.15 1 960.00 1 94.57 2 530.00 1 1.1299 1 0.628 2 0.3430
480 ZrTe2 zirconium telluride 32321-65-6 346.424 692.73 1 1180.20 1 1592.90 3 418.15 2 82.98 2 4.1749 2 0.262 3 ---