1 Ag silver 7440-22-4 0.31819 0.03098 6410.00 0.13648 1234.00 5769.00 1,2 1234.00 9.2955
2 AgBr silver bromide 7785-23-1 1.66860 0.26870 2030.83 0.20000 705.15 1410.30 1,2 720.00 5.5620
3 AgCl silver (i) chloride 7783-90-6 1.59790 0.30000 2992.10 0.28571 728.15 928.15 1,2 728.15 4.8572
4 AgI silver (i) iodide 7783-96-2 1.86077 0.30000 2897.64 0.28571 825.15 1025.15 1,2 825.15 5.5568
5 AgNO3 silver (i) nitrate 7761-88-8 1.18620 0.27101 1411.20 0.19000 490.00 980.00 1,2 490.00 3.9540
6 Al aluminum 7429-90-5 0.69200 0.27351 9300.00 0.50000 933.25 8370.00 1,2 1173.15 2.3250
7 AlBr3 aluminum bromide 7727-15-3 0.47444 0.14123 763.00 0.28571 390.15 459.80 1,2 390.15 2.3387
8 AlC2H6Cl aluminum, dimethyl chloride 1184-58-3 0.28874 0.22535 619.00 0.28571 252.15 619.00 1,2 252.15 1.0418
9 AlC3H9 aluminum, trimethyl 75-24-1 0.26569 0.28683 620.00 0.28570 288.43 620.00 1,2 288.43 0.7550
10 AlC6H15 aluminum, triethyl 97-93-8 0.49644 0.48420 678.15 0.58311 220.65 678.15 1,2 220.65 0.8836
11 AlCl3 aluminum chloride 7446-70-0 0.51076 0.24312 629.00 0.31426 465.70 629.00 1,2 465.70 1.2889
12 AlF3 aluminum fluoride 7784-18-1 0.92305 0.30000 2948.13 0.28571 1313.15 1513.15 1,2 1313.15 2.5530
13 AlI3 aluminum iodide 7784-23-8 1.17262 0.27373 983.00 0.39000 464.15 561.40 1,2 471.10 3.2000
14 Al2O3 aluminum oxide 1344-28-1 1.26357 0.30000 5335.00 0.28571 2325.00 2525.00 1,2 2325.00 3.5124
15 Ar argon 7440-37-1 0.53120 0.28600 150.86 0.29840 83.78 150.86 1,2 83.78 1.4194
16 As arsenic 7440-38-3 0.62605 0.05595 1673.15 0.28571 1090.15 1290.15 1,2 1090.15 5.2861
17 AsBr3 arsenic (iii) bromide 7784-33-0 1.06061 0.27400 789.01 0.28571 306.15 399.65 1,2 306.15 3.2674
18 AsCl3 arsenic trichloride 7784-34-1 0.72432 0.27400 654.00 0.28571 255.15 654.00 1,2 255.15 2.2289
19 AsF3 arsenic trifluoride 7784-35-2 0.95308 0.27400 530.21 0.28571 267.25 530.21 1,2 267.25 2.7498
20 AsF5 arsenic pentafluoride 7784-36-3 0.87020 0.27400 357.73 0.28571 193.35 357.73 1,2 193.35 2.4539
21 AsH3 arsine 7784-42-1 0.79658 0.35950 373.00 0.43880 156.32 373.00 1,2 156.32 1.7837
22 AsI3 arsenic triiodide 7784-45-4 1.41799 0.30000 1101.22 0.28571 419.15 619.15 1,2 419.15 4.0520
23 As2O3 arsenic trioxide 1327-53-3 1.27968 0.30000 1189.50 0.28571 585.95 658.15 1,2 585.95 3.4502
24 Au gold 7440-57-5 8.35557 0.44663 4398.00 0.28571 1337.33 3958.20 1,2 1337.33 17.2817
25 AuCl gold (i) chloride 10294-29-8 1.45830 0.26950 2131.20 0.20000 740.00 1480.00 1,2 740.00 4.8610
26 AuI gold (i) iodide 10294-31-2 1.67310 0.26499 2390.40 0.23000 830.00 1660.00 1,2 830.00 5.5770
27 B boron 7440-42-8 0.72680 0.30000 7934.59 0.28571 2348.15 2548.15 1,2 2348.15 2.1598
28 BBr3 boron tribromide 10294-33-4 0.91487 0.27400 581.00 0.28571 228.15 581.00 1,2 228.15 2.8115
29 BCl3 boron trichloride 10294-34-5 0.79010 0.41142 451.95 0.51175 166.15 451.95 1,2 166.15 1.5950
30 BF3 boron trifluoride 7637-07-2 0.54855 0.26189 260.90 0.22102 144.79 260.90 1,2 144.79 1.6818
31 B2H6 diborane 19287-45-7 0.15975 0.27040 289.80 0.28790 107.65 289.80 1,2 107.65 0.5016
32 B3N3H6 borazine 6569-51-3 0.32656 0.27400 521.20 0.28571 214.95 521.20 1,2 214.95 0.9930
33 B4H10 tetraborane 18283-93-7 0.19485 0.27400 466.66 0.28571 153.25 466.66 1,2 153.25 0.6187
34 B5H9 pentaborane 19624-22-7 0.22962 0.27998 568.45 0.28571 226.35 568.45 1,2 226.35 0.6906
35 B5H11 pentaborane 18433-84-6 0.26340 0.27400 547.13 0.28571 230.00 547.13 1,2 230.00 0.7975
36 B10H14 decaborane --- 0.31796 0.30000 791.78 0.28571 372.75 429.45 1,2 372.75 0.8676
37 Ba barium 7440-39-3 1.11110 0.30000 3572.13 0.28571 1000.15 1200.15 1,2 1000.15 3.3250
38 BaBr2 barium bromide 10553-31-8 1.19460 0.23769 3254.83 0.41000 1130.15 2260.30 1,2 1140.00 3.9820
39 BaCl2 barium chloride 10361-37-2 0.95112 0.23952 3557.23 0.40000 1235.15 2470.30 1,2 1240.00 3.1704
40 BaF2 barium fluoride 7787-32-8 1.23810 0.20500 4726.51 0.64000 1641.15 3282.30 1,2 1650.00 4.1270
41 BaI2 barium iodide 13718-50-8 1.27350 0.24610 2834.35 0.35000 984.15 1968.30 1,2 1000.00 4.2450
42 Be beryllium 7440-41-7 0.02893 0.01109 5205.00 0.28571 1556.00 2000.00 1,2 1556.00 1.6900
43 BeBr2 beryllium bromide 7787-46-4 1.28962 0.30000 1216.86 0.28571 763.15 919.72 1,2 763.15 3.1982
44 BeCl2 beryllium chloride 7787-47-5 0.60000 0.27748 1238.03 0.40000 678.15 800.00 1,2 740.00 1.4620
45 BeI2 beryllium iodide 7787-53-3 1.59610 0.30000 1238.03 0.28571 761.15 920.44 1,2 761.15 3.9920
46 Bi bismuth 7440-69-9 2.01611 0.18801 4620.00 0.30873 544.54 4158.00 1,2 544.54 10.0639
47 BiBr3 bismuth tribromide 7787-58-8 1.61236 0.28317 1220.00 0.33000 491.15 1098.00 1,2 510.00 4.6320
48 BiCl3 bismuth trichloride 7787-60-2 1.38859 0.27309 1178.00 0.40000 503.15 1060.20 1,2 560.00 3.7850
49 BrF3 bromine trifluoride 7787-71-5 1.08766 0.32363 649.89 0.28571 281.92 649.89 1,2 298.15 2.8030
50 BrF5 bromine pentafluoride 7789-30-2 0.93371 0.27400 470.00 0.28571 211.75 470.00 1,2 211.75 2.7800
51 Br2 bromine 7726-95-6 1.18377 0.29527 584.15 0.32950 265.85 584.15 1,2 265.85 3.2136
52 C carbon (amphorous) 7440-44-0 0.31475 0.10000 6810.00 0.28571 4765.00 4965.00 1,2 4765.00 1.6110
53 C graphite 7782-42-5 0.63887 0.27136 6810.00 0.28571 4765.00 6129.00 1,2 4765.00 1.6110
54 CCl2O carbonyl chloride 75-44-5 0.51316 0.27119 455.00 0.27201 145.37 455.00 1,2 145.37 1.6620
55 CF2O carbonyl fluoride 353-50-4 0.46780 0.32913 297.00 0.28570 161.89 297.00 1,2 161.89 1.1362
56 CH4N2O urea 57-13-6 0.56982 0.33700 705.00 0.28571 405.85 505.85 1,2 405.85 1.3350
57 CH4N2S thiourea 62-56-6 0.30743 0.28700 854.00 0.28571 454.15 768.60 1,2 454.15 0.8398
58 CNBr cyanogen bromide 506-68-3 0.73999 0.30000 545.03 0.28571 331.15 332.90 1,2 331.15 1.8598
59 CNCl cyanogen chloride 506-77-4 0.37713 0.22974 449.00 0.23860 266.65 449.00 1,2 266.65 1.2350
60 CNF cyanogen fluoride 1495-50-7 0.51072 0.27400 368.51 0.28571 200.00 368.51 1,2 200.00 1.4381
61 CN4O8 tetranitromethane 509-14-8 0.44654 0.21788 540.00 0.20276 287.05 540.00 1,2 287.05 1.6494
62 CO carbon monoxide 630-08-0 0.29818 0.27655 132.92 0.29053 68.15 132.92 1,2 68.15 0.8462
63 COS carbonyl sulfide 463-58-1 0.44482 0.28943 378.80 0.27140 134.30 378.80 1,2 134.30 1.3376
64 COSe carbon oxyselenide 1603-84-5 0.71258 0.27400 406.58 0.28571 200.00 406.58 1,2 200.00 2.0710
65 CO2 carbon dioxide 124-38-9 0.46382 0.26160 304.19 0.29030 216.58 304.19 1,2 216.58 1.1806
66 CS2 carbon disulfide 75-15-0 0.47589 0.28749 552.00 0.32260 161.11 552.00 1,2 161.11 1.4516
67 C2N2 cyanogen 460-19-5 0.36145 0.27400 399.90 0.28571 238.75 399.90 1,2 238.75 0.9811
68 Ca calcium 7440-70-2 0.07756 0.04927 3267.00 0.11441 1115.00 2940.30 1,2 1115.00 1.3679
69 CaBr2 calcium bromide 7789-41-5 0.93240 0.26177 2923.63 0.25000 1015.15 2030.30 1,2 1020.00 3.1080
70 CaCl2 calcium chloride 10043-52-4 0.62349 0.24921 3009.60 0.33000 1045.00 2090.00 1,2 1060.00 2.0783
71 CaF2 calcium fluoride 7789-75-5 0.33727 0.11030 4570.85 0.20000 1691.00 3000.00 1,2 1700.00 2.5140
72 CaI2 calcium iodide 10102-68-8 1.03110 0.24542 3041.71 0.36000 1056.15 2112.30 1,2 1060.00 3.4370
73 Cd cadmium 7440-43-9 3.72607 0.43396 2291.00 0.28571 594.05 2061.90 1,2 594.05 8.0169
74 CdBr2 cadmium bromide 7789-42-6 1.22460 0.21148 2422.51 0.59000 841.15 1682.30 1,2 850.00 4.0820
75 CdCl2 cadmium chloride 10108-64-2 1.20842 0.30000 2019.79 0.28571 841.15 1200.00 1,2 841.15 3.3925
76 CdF2 cadmium fluoride 7790-79-6 2.01691 0.30000 3296.66 0.28571 793.15 993.15 1,2 793.15 6.1380
77 CdI2 cadmium iodide 7790-80-9 1.54369 0.30000 1741.29 0.28571 658.15 1100.00 1,2 658.15 4.4169
78 CdO cadmium oxide 1306-19-0 2.20048 0.30000 2983.96 0.28571 1000.00 1200.00 1,2 1000.00 6.4245
79 Ce cerium 7440-45-1 2.13760 0.31027 11993.80 0.28571 1071.15 1271.15 1,2 1071.15 6.6800
80 CeCl3 cerium (iii) chloride 7790-86-5 0.96240 0.22504 3139.63 0.48000 1090.15 2180.30 1,2 1130.00 3.2080
81 CeF3 cerium (iii) fluoride 7758-88-5 1.38450 0.21699 4905.07 0.54000 1703.15 3406.30 1,2 1750.00 4.6150
82 ClF chlorine monofluoride 7790-89-8 0.60386 0.27400 282.32 0.28571 128.15 282.32 1,2 128.15 1.7945
83 ClFO3 perchloryl fluoride 7616-94-6 0.63654 0.27200 368.40 0.29870 125.41 368.40 1,2 125.41 2.0099
84 ClF3 chlorine trifluoride 7790-91-2 0.68343 0.27400 459.39 0.28571 190.15 459.39 1,2 190.15 2.0766
85 ClF5 chlorine pentafluoride 13637-63-3 0.85421 0.35050 415.90 0.28571 190.00 415.90 1,2 190.00 2.0607
86 ClO2 chlorine dioxide 10049-04-4 0.57694 0.26048 465.00 0.28570 213.55 465.00 1,2 213.55 1.7834
87 Cl2 chlorine 7782-50-5 0.56600 0.27315 417.15 0.28830 172.12 417.15 1,2 172.12 1.7229
88 Cl2O chlorine monoxide 7791-21-1 0.60356 0.27400 444.68 0.28571 157.15 444.68 1,2 157.15 1.8928
89 Cl2O7 chlorine heptoxide 10294-48-1 0.65031 0.27400 565.78 0.28571 182.15 565.78 1,2 182.15 2.0716
90 Co cobalt 7440-48-4 2.51864 0.25033 7398.48 0.80000 1768.15 6658.63 1,2 1873.15 7.5400
91 CoCl2 cobalt chloride 7646-79-9 1.05823 0.30000 2154.97 0.28571 1008.15 1208.15 1,2 1008.15 2.8922
92 Cr chromium 7440-47-3 2.13536 0.30000 8560.93 0.28571 2180.15 2380.15 1,2 2180.15 6.4600
93 CrC6O6 chromium carbonyl 13007-92-6 0.63518 0.30000 690.80 0.28571 423.65 690.80 1,2 423.65 1.5903
94 CrO2Cl2 chromium oxychloride 14977-61-8 0.64832 0.27400 626.33 0.28571 176.65 626.33 1,2 176.65 2.1050
95 Cs cesium 7440-46-2 0.28361 0.14024 2048.10 0.28571 301.65 1843.29 1,2 301.65 1.8530
96 CsBr cesium bromide 7787-69-1 1.05781 0.24371 2562.13 0.60000 909.15 1500.00 1,2 909.15 3.1316
97 CsCl cesium chloride 7647-17-8 0.93727 0.30000 2562.13 0.28571 919.15 1500.00 1,2 919.15 2.7065
98 CsF cesium fluoride 13400-13-0 1.26025 0.25546 2482.33 0.50000 976.00 1500.00 1,2 1000.00 3.6179
99 CsI cesium iodide 7789-17-5 1.07356 0.24346 2529.56 0.60000 894.15 1500.00 1,2 920.00 3.1523
100 CsNO3 cesium nitrate 7789-18-6 0.84483 0.23365 1978.99 0.44000 687.15 1374.30 1,2 690.00 2.8161
101 Cs2SO4 cesium sulfate 10294-54-9 0.91290 0.21152 3681.07 0.58500 1278.15 2556.30 1,2 1300.00 3.0430
102 Cu copper 7440-50-8 2.63621 0.30161 5123.00 0.28571 1357.77 4610.70 1,2 1673.15 7.6900
103 CuBr cuprous bromide 7787-70-4 1.48318 0.30000 2651.71 0.28571 777.15 977.15 1,2 777.15 4.4131
104 CuCl cuprous chloride 7758-89-6 2.79457 0.64708 1800.00 0.80000 703.00 1620.00 1,2 710.00 3.7400
105 CuCl2 cupric chloride 7447-39-4 1.08795 0.30000 2010.00 0.28571 906.15 1106.15 1,2 906.15 3.0005
106 CuI copper iodide 7681-65-4 1.70575 0.30000 2620.77 0.28571 878.15 1078.15 1,2 878.15 4.9802
107 D2 deuterium 7782-39-0 0.06700 0.31500 38.35 0.28571 18.73 38.35 1,2 18.73 0.1730
108 D2O deuterium oxide 7789-20-0 0.35573 0.27421 643.89 0.21000 277.00 643.89 1,2 303.20 1.1034
109 Dy dysprosium 7429-91-6 2.62400 0.29728 8561.50 0.28571 1685.15 1885.15 1,2 1685.15 8.2000
110 Er erbium 7440-52-0 2.75200 0.29872 9714.25 0.28571 1802.15 2002.15 1,2 1802.15 8.6000
111 Eu europium 7440-53-1 1.57191 0.29797 5150.00 0.28571 1095.15 1295.15 1,2 1095.15 4.8700
112 FHO3S fluorosulfonic acid 7789-21-1 0.55594 0.25067 715.00 0.37039 184.17 715.00 1,2 184.17 1.9194
113 FNO nitrosyl fluoride 7789-25-5 0.49514 0.27400 352.67 0.28571 139.15 352.67 1,2 139.15 1.5201
114 F2 fluorine 7782-41-4 0.57014 0.28587 144.12 0.28776 53.48 144.12 1,2 53.48 1.7056
115 F2O fluorine oxide 7783-41-7 0.55240 0.27016 215.10 0.28571 49.25 215.10 1,2 49.25 1.8618
116 Fe iron 7439-89-6 1.99446 0.22457 9340.00 0.70000 1811.00 8406.00 1,2 1923.15 7.1090
117 FeC5O5 iron pentacarbonyl 13463-40-6 0.49908 0.27400 607.20 0.28571 252.15 607.20 1,2 252.15 1.5153
118 FeCl2 ferrous chloride 7758-94-3 1.02146 0.30000 2115.88 0.28571 945.15 1145.15 1,2 945.15 2.8233
119 FeCl3 ferric chloride 7705-08-0 1.02395 0.30000 964.41 0.28571 577.15 584.65 1,2 577.15 2.5892
120 Ga gallium 7440-55-3 0.47740 0.07625 7620.00 0.28571 302.91 6858.00 1,2 302.91 6.0780
121 GaC3H9 gallium, trimethyl 1445-79-0 0.54374 0.38646 510.00 0.28570 257.45 510.00 1,2 257.45 1.1835
122 GaCl3 gallium trichloride 13450-90-3 0.66952 0.25063 694.00 0.29982 350.90 694.00 1,2 350.90 2.0526
123 GaI2 gallium (ii) iodide --- 1.20420 0.25246 1396.80 0.31000 485.00 970.00 1,2 490.00 4.0140
124 Gd gadolinium 7440-54-2 2.68561 0.34705 11309.81 0.28571 1586.15 1786.15 1,2 1586.15 7.4000
125 Ge germanium 7440-56-4 1.61357 0.26102 9803.00 0.59646 1210.40 8822.70 1,2 1210.40 5.5849
126 GeBr4 germanium bromide 13450-92-5 1.02768 0.27400 740.00 0.28571 299.25 380.70 1,2 299.25 3.1386
127 GeCl4 germanium chloride 10038-98-9 0.64888 0.27400 574.00 0.28571 223.65 574.00 1,2 223.65 1.9973
128 GeHCl3 germane, trichloro 1184-65-2 0.67714 0.27400 559.78 0.28571 202.05 559.78 1,2 202.05 2.1155
129 GeH2Br2 germane, dibromo 13769-36-3 1.09428 0.31186 563.33 0.28571 258.15 563.33 1,2 298.15 2.8000
130 GeH2Cl2 germane, dichloro 15230-48-5 0.67735 0.27219 535.61 0.28571 205.15 535.61 1,2 298.15 1.9000
131 GeH3Br germane, bromo 13569-43-2 0.92324 0.30405 515.20 0.28571 241.15 515.20 1,2 298.15 2.3400
132 GeH3Cl germane, chloro 13637-65-5 0.65822 0.27464 478.44 0.28571 221.15 478.44 1,2 298.15 1.7500
133 GeH4 germane 7782-65-2 0.54904 0.30254 308.00 0.28571 107.26 308.00 1,2 107.26 1.5814
134 Ge2H6 digermane 13818-89-8 0.63111 0.27400 491.01 0.28571 164.15 491.01 1,2 164.15 1.9982
135 Ge3H8 trigermane 14691-44-2 0.75692 0.27400 616.37 0.28571 167.55 616.37 1,2 167.55 2.4693
136 HBr hydrogen bromide 10035-10-6 0.80283 0.28545 363.15 0.28571 185.15 363.15 1,2 185.15 2.2322
137 HCN hydrogen cyanide 74-90-8 0.19501 0.18589 456.65 0.28206 259.83 456.65 1,2 259.83 0.7352
138 HCl hydrogen chloride 7647-01-0 0.44651 0.27290 324.65 0.32170 158.97 324.65 1,2 158.97 1.2708
139 HClO3S chlorosulfonic acid 7790-94-5 0.59672 0.28520 700.00 0.28571 193.15 700.00 1,2 193.15 1.8733
140 HClO4 perchloric acid 7601-90-3 0.59920 0.26092 631.00 0.34521 171.95 631.00 1,2 171.95 1.9970
141 HF hydrogen fluoride 7664-39-3 0.29041 0.17660 461.15 0.37330 189.79 461.15 1,2 189.79 1.2044
142 HI hydrogen iodide 10034-85-2 1.04638 0.28826 423.85 0.28571 222.38 423.85 1,2 222.38 2.8608
143 HNO3 nitric acid 7697-37-2 1.37243 0.83561 520.00 0.19330 231.55 373.15 1,2 231.55 1.6110
144 H2 hydrogen 1333-74-0 0.03125 0.34730 33.18 0.27560 13.95 33.18 1,2 13.95 0.0776
145 H2O water 7732-18-5 0.32500 0.27000 647.13 0.23000 290.00 647.13 1,2 290.00 0.9990
146 H2O2 hydrogen peroxide 7722-84-1 0.43776 0.23170 730.15 0.38000 272.74 730.15 1,2 298.88 1.4493
147 H2S hydrogen sulfide 7783-06-4 0.34459 0.27369 373.53 0.29015 187.68 373.53 1,2 187.68 0.9928
148 H2SO4 sulfuric acid 7664-93-9 1.49150 0.79186 924.00 0.27130 283.46 610.00 1,2 283.46 1.8424
149 H2S2 hydrogen disulfide 13465-07-1 0.47306 0.27400 542.39 0.28571 183.45 542.39 1,2 183.45 1.4949
150 H2Se hydrogen selenide 7783-07-5 0.67480 0.26335 411.15 0.26250 207.45 411.15 1,2 207.45 2.0468
151 H2Te hydrogen telluride 7783-09-7 0.93431 0.27400 438.04 0.28571 224.15 438.04 1,2 224.15 2.6830
152 H3NO hydroxylamine 7803-49-8 0.42502 0.27400 574.00 0.28571 306.15 574.00 1,2 306.15 1.2040
153 H3PO2 hypophosphorous acid 6303-21-5 0.43313 0.23298 627.65 0.25871 293.15 298.15 1,2 295.65 1.4900
154 H3PO4 phosphoric acid 7664-38-2 1.79505 0.96491 1030.00 0.15872 315.51 393.15 1,2 315.51 1.8566
155 He helium-3 14762-55-1 0.04141 0.46660 3.31 0.22300 1.01 3.31 1,2 1.01 0.0836
156 He helium-4 7440-59-7 0.06930 0.41860 5.20 0.24100 1.76 5.20 1,2 1.76 0.1524
157 Hf hafnium 7440-58-6 3.75257 0.30000 21687.96 0.28571 2506.15 2706.15 1,2 2506.15 12.0000
158 Hg mercury 7439-97-6 5.73614 0.40708 1735.00 0.25997 234.29 1561.50 1,2 234.29 13.6299
159 HgBr2 mercuric bromide 7789-47-1 1.93930 0.30000 964.41 0.28571 510.15 800.00 1,2 510.15 5.1207
160 HgCl2 mercuric chloride 7487-94-7 1.71179 0.30000 939.98 0.28571 550.15 800.00 1,2 550.15 4.3659
161 HgI2 mercuric iodide 7774-29-0 1.93098 0.29040 1078.10 0.32000 532.15 750.00 1,2 540.00 5.1965
162 Ho holmium 7440-60-0 2.66880 0.29781 9067.21 0.28571 1747.15 1947.15 1,2 1747.15 8.3400
163 IF5 iodine pentafluoride 7783-66-6 1.24299 0.31663 594.33 0.28571 282.58 594.33 1,2 298.15 3.1900
164 IF7 iodine heptafluoride 16921-96-3 1.05176 0.27400 447.53 0.28571 278.65 447.53 1,2 278.65 2.8023
165 I2 iodine 7553-56-2 1.63746 0.33313 819.15 0.33550 386.75 737.24 1,2 386.75 3.9760
166 In indium 7440-74-6 0.55791 0.07561 6730.00 0.28571 429.75 573.15 1,2 429.75 7.0314
167 InBr3 indium (iii) bromide 13465-09-3 0.93300 0.22168 1996.27 0.51000 693.15 1386.30 1,2 710.00 3.1100
168 InCl indium (i) chloride 13465-10-6 1.12200 0.27849 1394.35 0.13500 484.15 968.30 1,2 500.00 3.7400
169 InCl2 indium (ii) chloride 13465-11-7 0.91200 0.23807 1463.47 0.41000 508.15 1016.30 1,2 510.00 3.0400
170 InCl3 indium (iii) chloride 10025-82-8 0.10000 0.02259 2465.71 0.50000 856.15 1712.30 1,2 860.00 2.1300
171 InI3 indium (iii) iodide 13510-35-5 1.24500 0.26103 1382.83 0.25000 480.15 960.30 1,2 490.00 4.1500
172 Ir iridium 7439-88-5 6.41388 0.30000 15035.00 0.28571 2719.15 2919.15 1,2 2719.15 20.0000
173 K potassium 7440-09-7 0.18711 0.20637 2223.00 0.35970 336.35 2000.70 1,2 336.35 0.8283
174 KBr potassium bromide 7758-02-3 0.37889 0.12288 3520.00 0.57980 1007.00 3168.00 1,2 1007.00 2.1254
175 KCl potassium chloride 7447-40-7 0.11777 0.05355 3470.00 0.37353 1044.00 3123.00 1,2 1044.00 1.5248
176 KF potassium fluoride 7789-23-3 0.66025 0.24785 2891.12 0.55000 1153.15 1500.00 1,2 1160.00 1.8907
177 KI potassium iodide 7681-11-0 0.25152 0.07215 3610.00 0.47000 1003.00 3249.00 1,2 1010.00 2.3941
178 KNO3 potassium nitrate 7757-79-1 0.55890 0.24400 1757.23 0.36400 610.15 1220.30 1,2 620.00 1.8630
179 KOH potassium hydroxide 1310-58-3 0.18547 0.09004 2624.00 0.25871 679.00 873.15 1,2 679.00 1.7215
180 KSCN potassium thiocyanate 333-20-0 0.47943 0.24807 1284.91 0.34000 446.15 892.30 1,2 450.00 1.5981
181 K2CO3 potassium carbonate 584-08-7 0.56772 0.23558 3372.91 0.42500 1171.15 2342.30 1,2 1180.00 1.8924
182 K2Cr2O7 potassium dichromate 7778-50-9 0.68190 0.25157 1987.20 0.32000 690.00 1380.00 1,2 690.00 2.2730
183 K2MoO4 potassium molybdate 13446-49-6 0.70020 0.21870 3433.39 0.51500 1192.15 2384.30 1,2 1250.00 2.3340
184 K2SO4 potassium sulfate 7778-80-5 0.56520 0.20774 3865.39 0.62000 1342.15 2684.30 1,2 1350.00 1.8840
185 K2WO4 potassium tungstate 7790-60-5 0.93930 0.22946 3439.15 0.44500 1194.15 2388.30 1,2 1250.00 3.1310
186 Kr krypton 7439-90-9 0.91799 0.28840 209.35 0.29390 115.78 209.35 1,2 115.78 2.4493
187 La lanthanum 7439-91-0 1.50549 0.23941 9511.00 0.28571 1191.15 1391.15 1,2 1191.15 5.9600
188 LaBr3 lanthanum bromide 13536-79-3 3.40000 0.67812 3056.11 0.10000 1061.15 2122.30 1,2 1070.00 4.9324
189 LaCl3 lanthanum chloride 10099-58-8 0.95865 0.23420 3260.59 0.43000 1132.15 2264.30 1,2 1150.00 3.1955
190 LaF3 lanthanum fluoride 13709-38-1 1.38000 0.23902 5086.51 0.41000 1766.15 3532.30 1,2 1750.00 4.6000
191 Li lithium 7439-93-2 0.11037 0.19951 3503.00 0.35129 453.69 3152.70 1,2 453.69 0.5124
192 LiBr lithium bromide 7550-35-8 0.85546 0.28026 2578.42 0.41000 820.15 1500.00 1,2 840.00 2.5246
193 LiCl lithium chloride 7447-41-8 0.50679 0.26862 2695.68 0.48000 887.15 1500.00 1,2 900.00 1.4947
194 LiF lithium fluoride 7789-24-4 0.62331 0.25973 3182.65 0.52000 1143.15 1700.00 1,2 1150.00 1.8131
195 LiI lithium iodide 10377-51-2 0.90000 0.24126 2370.00 0.37000 742.00 1447.00 1,2 750.00 3.1020
196 LiNO3 lithium nitrate 7790-69-4 0.53040 0.26143 1515.31 0.24000 526.15 1052.30 1,2 550.00 1.7680
197 Li2CO3 lithium carbonate 554-13-2 0.54780 0.25150 2868.91 0.31500 996.15 1992.30 1,2 1010.00 1.8260
198 Li2SO4 lithium sulfate 10377-48-7 0.59880 0.24462 3260.59 0.36000 1132.15 2264.30 1,2 1150.00 1.9960
199 Lu lutetium 7439-94-3 3.32517 0.29161 4128.66 0.28571 1936.15 2136.15 1,2 1936.15 9.3000
200 Mg magnesium 7439-95-4 0.07780 0.03010 2241.04 0.28571 923.15 1023.15 1,2 923.15 1.5786
201 MgBr2 magnesium bromide 7789-48-2 0.75300 0.24784 2834.35 0.26500 984.15 1968.30 1,2 1000.00 2.6100
202 MgCl2 magnesium chloride 7786-30-3 0.58060 0.30000 2754.32 0.28571 985.15 1600.00 1,2 985.15 1.6774
203 MgF2 magnesium fluoride 7783-40-6 0.71100 0.21707 4424.11 0.51000 1536.15 3072.30 1,2 1650.00 2.3700
204 MgI2 magnesium iodide 10377-58-9 0.91290 0.25450 2612.59 0.29500 907.15 1814.30 1,2 920.00 3.0430
205 MgO magnesium oxide 1309-48-4 0.19187 0.01440 5950.00 0.28571 3105.00 5355.00 1,2 3105.00 5.9514
206 Mn manganese 7439-96-5 2.09497 0.30000 6902.82 0.28571 1519.15 1719.15 1,2 1519.15 6.4300
207 MnCl2 manganese (ii) chloride 7773-01-5 0.90334 0.30000 2382.98 0.28571 923.15 1123.15 1,2 923.15 2.5729
208 Mo molybdenum 7439-98-7 3.14663 0.30000 9620.00 0.28571 2895.15 3095.15 1,2 2895.15 9.3300
209 MoF6 molybdenum fluoride 7783-77-9 0.93061 0.27400 498.12 0.28571 290.15 498.12 1,2 290.15 2.5518
210 MoO3 molybdenum oxide 1313-27-5 1.56112 0.30000 2319.46 0.28571 1068.15 1268.15 1,2 1068.15 4.2834
211 NClO nitrosyl chloride 2696-92-6 0.47092 0.27083 440.65 0.24939 213.55 440.65 1,2 213.55 1.4250
212 NCl3 nitrogen trichloride 10025-85-1 0.57737 0.27400 564.00 0.28571 293.00 564.00 1,2 293.00 1.6500
213 NF3 nitrogen trifluoride 7783-54-2 0.59826 0.28170 234.00 0.29529 66.46 234.00 1,2 66.46 1.8854
214 NH3 ammonia 7664-41-7 0.23684 0.25443 405.65 0.28880 195.41 405.65 1,2 195.41 0.7347
215 NH4Br ammonium bromide 12124-97-9 0.98286 0.30000 1089.82 0.28571 800.00 980.84 1,2 800.00 2.2420
216 NH4Cl ammonium chloride 12125-02-9 0.75456 0.30000 882.00 0.28571 793.20 793.80 1,2 793.20 1.4094
217 NH4I ammonium iodide 12027-06-4 1.00871 0.30000 1104.32 0.28571 800.00 993.89 1,2 800.00 2.3204
218 NH5S ammonium hydrogensulfide 12124-99-1 0.49634 0.30000 499.10 0.28571 391.15 455.37 1,2 391.15 1.0799
219 NO nitric oxide 10102-43-9 0.51712 0.30440 180.15 0.24200 109.50 180.15 1,2 109.50 1.3349
220 NO2 nitrogen dioxide 10102-44-0 0.55409 0.28287 431.15 0.23882 261.90 431.15 1,2 261.90 1.5214
221 N2 nitrogen 7727-37-9 0.31422 0.28610 126.20 0.29660 63.15 126.20 1,2 63.15 0.8702
222 N2F4 tetrafluorohydrazine 10036-47-2 0.54042 0.27760 309.35 0.28570 111.65 309.35 1,2 111.65 1.6691
223 N2H4 hydrazine 302-01-2 0.20285 0.12073 653.15 0.35000 274.69 653.15 1,2 388.23 0.9497
224 N2H6O hydrazine hydrate 7803-57-8 0.37734 0.29390 595.60 0.28571 221.45 595.60 1,2 298.15 1.0300
225 N2O nitrous oxide 10024-97-2 0.44927 0.27244 309.57 0.28820 182.30 309.57 1,2 182.30 1.2292
226 N2O3 nitrogen trioxide 10544-73-7 0.38980 0.18425 425.00 0.25871 263.15 268.15 1,2 263.15 1.4557
227 N2O4 nitrogen tetraoxide 10544-72-6 0.63412 0.31000 431.15 0.30000 261.90 431.15 1,2 299.32 1.4409
228 N2O5 nitrogen pentoxide 10102-03-1 0.55485 0.27400 515.51 0.28571 303.15 311.65 1,2 303.15 1.5156
229 Na sodium 7440-23-5 0.19819 0.19553 2573.00 0.37200 370.95 2573.00 1,2 370.95 0.9276
230 NaBr sodium bromide 7647-15-6 0.25853 0.07847 4287.00 0.53000 1020.00 2500.00 1,2 1030.00 2.3334
231 NaCN sodium cyanide 143-33-9 0.17117 0.11000 2900.00 0.28571 973.15 1173.15 1,2 973.15 1.2200
232 NaCl sodium chloride 7647-14-5 0.22113 0.10591 3400.00 0.37527 1073.90 3060.00 1,2 1073.90 1.5497
233 NaF sodium fluoride 7681-49-4 0.22700 0.08221 5530.00 0.58000 1269.00 2500.00 1,2 1270.00 1.9440
234 NaI sodium iodide 7681-82-5 0.29682 0.07909 3950.00 0.49000 933.00 2500.00 1,2 940.00 2.7352
235 NaNO2 sodium nitrite 7632-00-0 0.54030 0.24561 1567.15 0.34000 544.15 1088.30 1,2 570.00 1.8010
236 NaNO3 sodium nitrate 7631-99-4 0.57150 0.25010 1670.83 0.33000 580.15 1160.30 1,2 580.00 1.9050
237 NaOH sodium hydroxide 1310-73-2 0.20000 0.09705 2820.00 0.27000 596.00 1830.00 1,2 600.00 1.7810
238 Na2CO3 sodium carbonate 497-19-8 0.59046 0.23924 3258.00 0.40000 1131.25 2262.50 1,2 1140.00 1.9682
239 Na2MoO4 sodium molybdate 7631-95-0 0.82950 0.24783 2765.23 0.32000 960.15 1920.30 1,2 1020.00 2.7650
240 Na2O4W sodium tungstate 13472-45-2 1.01760 0.22453 2796.48 0.27000 971.00 1942.00 1,2 1050.00 3.7920
241 Na2SO4 sodium sulfate 7757-82-6 0.26141 0.10000 3700.00 0.28571 1157.00 2000.00 1,2 1157.00 2.0688
242 Na2S4 sodium tetrasulfide 12034-39-8 0.19000 0.06778 3200.00 0.80000 623.00 823.00 1,2 623.00 1.8270
243 Nb niobium 7440-03-1 2.48435 0.30000 17904.10 0.28571 2750.15 2950.15 1,2 2750.15 7.8300
244 NbF5 niobium (v) fluoride 7783-68-8 1.09002 0.30000 811.32 0.28571 348.65 423.40 1,2 348.65 3.0394
245 Nd neodymium 7440-00-8 2.02652 0.28826 10665.10 0.28571 1294.15 1494.15 1,2 1294.15 6.7200
246 NdBr3 neodymium tribromide 13536-80-6 1.26846 0.25875 2750.83 0.27000 955.15 1910.30 1,2 960.00 4.2282
247 Ne neon 7440-01-9 0.48504 0.30670 44.40 0.27860 24.56 44.40 1,2 24.56 1.2470
248 Ni nickel 7440-02-0 2.56376 0.25892 6986.15 0.70000 1728.15 6287.54 1,2 1873.15 7.5950
249 NiC4O4 nickel carbonyl 13463-39-3 0.47753 0.27400 508.40 0.28571 248.15 508.40 1,2 248.15 1.3911
250 NiF2 nickel fluoride 10028-18-9 1.52939 0.30000 3278.75 0.28571 1723.15 1923.15 1,2 1723.15 4.0465
251 O2 oxygen 7782-44-7 0.43600 0.29060 154.58 0.29240 54.35 154.58 1,2 90.15 1.1351
252 O3 ozone 10028-15-6 0.53954 0.29884 261.00 0.28523 80.15 261.00 1,2 80.15 1.6013
253 Os osmium 7440-04-2 6.48474 0.30000 16878.68 0.28571 3306.15 3506.15 1,2 3306.15 20.1000
254 OsO4 osmium tetroxide 20816-12-0 1.62701 0.30000 656.60 0.28571 329.15 366.15 1,2 329.15 4.3653
255 P phosphorus (white) 7723-14-0 1.02120 0.50058 993.75 0.66360 317.55 894.38 1,2 317.55 1.7453
256 P phosphorus (red) 7723-14-0 0.96106 0.80200 993.75 0.09118 853.15 894.38 1,2 853.15 1.1559
257 PBr3 phosphorus tribromide 7789-60-8 0.93428 0.27400 711.00 0.28571 233.15 711.00 1,2 233.15 2.9674
258 PC3H9O4 phosphate, trimethyl 512-56-1 0.50567 0.34496 729.00 0.39266 227.00 729.00 1,2 227.00 1.2680
259 PC6H15O4 phosphate, triethyl 78-40-0 0.31086 0.23183 757.00 0.34137 216.65 681.30 1,2 216.65 1.1439
260 PCl3 phosphorus (iii) chloride 7719-12-2 0.52827 0.25681 563.15 0.29690 181.15 563.15 1,2 181.15 1.7741
261 PCl5 phosphorus pentachloride 10026-13-8 1.38262 0.30000 646.15 0.28571 433.15 504.20 1,2 433.15 3.3228
262 PH3 phosphine 7803-51-2 0.30087 0.29028 324.75 0.36975 139.37 324.75 1,2 139.37 0.8222
263 PH4I phosphonium iodide 12125-09-6 1.01597 0.27400 539.70 0.28571 291.65 539.70 1,2 291.65 2.8651
264 POCl3 phosphorus oxychloride 10025-87-3 0.76178 0.35087 602.15 0.42596 274.33 602.15 1,2 274.33 1.7096
265 PSBr3 phosphorus thiobromide 3931-89-3 0.94173 0.30000 729.89 0.28571 311.15 379.65 1,2 311.15 2.6306
266 PSCl3 phosphorus thiochloride 3982-91-0 0.56545 0.28862 638.82 0.25871 242.75 371.65 1,2 242.75 1.6954
267 P2O3 phosphorus trioxide 1314-24-5 0.49723 0.17857 667.60 0.28571 296.95 667.60 1,2 298.15 2.1300
268 P2S5 phosphorus (v) sulfide 1314-80-3 0.63096 0.30000 1291.00 0.28571 596.15 1161.90 1,2 596.15 1.7301
269 P4O6 phosphorous (iii) oxide 12440-00-5 0.70154 0.27400 714.86 0.28571 295.65 714.86 1,2 295.65 2.1320
270 Pb lead 7439-92-1 1.73000 0.15282 5400.00 0.28571 600.64 4860.00 1,2 923.15 10.2650
271 PbBr2 lead bromide 10031-22-8 1.92627 0.30000 1933.47 0.28571 646.15 1500.00 1,2 646.15 5.6264
272 PbC8H20 tetraethyl lead 78-00-2 0.50856 0.25781 655.00 0.23388 139.41 655.00 1,2 139.41 1.8323
273 PbCl2 lead chloride 7758-95-4 1.72887 0.28860 1998.62 0.34000 774.15 1500.00 1,2 780.00 4.9420
274 PbF2 lead fluoride 7783-46-2 2.79825 0.30000 2550.73 0.28571 1128.15 1328.15 1,2 1128.15 7.7522
275 PbI2 lead iodide 10101-63-0 2.01004 0.30000 1865.07 0.28571 675.15 875.15 1,2 675.15 5.7953
276 PbO lead oxide 1317-36-8 3.18209 0.30000 2842.26 0.28571 1163.15 1363.15 1,2 1163.15 8.9658
277 PbS lead sulfide 1314-87-0 2.70282 0.30000 2531.19 0.28571 1387.15 1470.65 1,2 1387.15 7.0560
278 Pd palladium 7440-05-3 3.31600 0.26650 10669.07 0.75000 1828.05 9602.16 1,2 1973.15 10.3100
279 Pm promethium 7440-12-2 2.20800 0.30571 10228.86 0.28571 1315.15 1515.15 2 1315.15 6.9000
280 Po polonium 7440-08-6 2.76115 0.30000 3013.08 0.28571 527.15 727.15 1,2 527.15 8.6301
281 Pr praseodymium 7440-10-0 2.10880 0.30930 12306.26 0.28571 1204.15 1404.15 1,2 1204.15 6.5900
282 Pt platinum 7440-06-4 6.65186 0.26561 6983.00 0.70000 2041.55 6284.70 1,2 2073.15 18.7450
283 Ra radium 7440-14-4 1.49145 0.30000 4862.82 0.28571 973.15 1173.15 1,2 973.15 4.6150
284 Rb rubidium 7440-17-7 0.34600 0.21564 2093.00 0.37000 312.46 1883.70 1,2 312.46 1.4815
285 RbBr rubidium bromide 7789-39-1 0.91773 0.23888 2646.82 0.62000 955.15 1800.00 1,2 970.00 2.6994
286 RbCl rubidium chloride 7791-11-9 0.76254 0.23646 2694.06 0.63000 988.15 1800.00 1,2 990.00 2.2466
287 RbF rubidium fluoride 13446-74-7 1.19655 0.30000 2738.03 0.28571 1033.15 1233.15 1,2 1033.15 3.4247
288 RbI rubidium iodide 7790-29-6 0.97769 0.24073 2568.65 0.61000 915.15 1800.00 1,2 930.00 2.8864
289 RbNO3 rubidium nitrate 13126-12-0 0.74280 0.24581 1665.07 0.35000 578.15 1156.30 1,2 590.00 2.4760
290 Rb2SO4 rubidium sulfate 7488-54-2 0.76320 0.21768 3810.67 0.54000 1323.15 2646.30 1,2 1350.00 2.5440
291 Re rhenium 7440-15-5 6.01402 0.30000 21482.82 0.28571 3459.15 3659.15 1,2 3459.15 18.9000
292 Re2O7 rhenium heptoxide 1314-68-7 2.10435 0.30000 1035.10 0.28571 569.15 602.35 1,2 569.15 5.4875
293 Rh rhodium 7440-16-6 3.40525 0.30000 12906.61 0.28571 2237.15 2437.15 1,2 2237.15 10.6500
294 Rn radon 10043-92-2 1.58779 0.28111 377.40 0.28571 202.15 377.40 1,2 202.15 4.4000
295 Ru ruthenium 7440-18-8 3.48198 0.30000 15247.14 0.28571 2607.15 2807.15 1,2 2607.15 10.9000
296 RuF5 ruthenium (v) fluoride 14521-18-7 0.90813 0.30000 977.44 0.28571 359.65 559.65 1,2 359.65 2.6109
297 S sulfur 7704-34-9 0.20468 0.10440 1313.00 0.11400 388.36 1181.70 1,2 388.36 1.7944
298 SCl2 sulfur dichloride 10545-99-0 0.56268 0.27258 542.00 0.26470 151.15 542.00 1,2 151.15 1.8534
299 SCl2O thionyl chloride 7719-09-7 0.57200 0.27016 567.00 0.29906 168.65 567.00 1,2 168.65 1.8571
300 SF4 sulfur tetrafluoride 7783-60-0 0.68957 0.27400 364.00 0.28571 149.15 364.00 1,2 149.15 2.0999
301 SF6 sulfur hexafluoride 2551-62-4 0.73472 0.27010 318.69 0.29210 223.15 318.69 1,2 223.15 1.8449
302 SOBr2 thionyl bromide 507-16-4 0.89295 0.27400 661.75 0.28571 220.95 661.75 1,2 220.95 2.8278
303 SOCl2 thionyl chloride 7719-09-7 0.58606 0.27659 567.00 0.30630 172.00 567.00 1,2 172.00 1.8518
304 SOF2 thionyl fluoride 7783-42-8 0.60330 0.27400 371.25 0.28571 162.65 371.25 1,2 162.65 1.8089
305 SO2 sulfur dioxide 7446-09-5 0.52210 0.25842 430.75 0.28950 197.67 430.75 1,2 197.67 1.6207
306 SO2Cl2 sulfuryl chloride 7791-25-5 0.57681 0.26336 545.00 0.29557 219.00 545.00 1,2 219.00 1.8148
307 SO3 sulfur trioxide 7446-11-9 0.63035 0.19013 490.85 0.43590 289.95 490.85 1,2 289.95 1.9409
308 S2Cl2 sulfur monochloride 10025-67-9 0.56169 0.27400 659.37 0.28571 193.15 659.37 1,2 193.15 1.8144
309 Sb antimony 7440-36-0 1.69927 0.24231 5070.00 0.28571 903.78 4563.00 1,2 903.78 6.4910
310 SbBr3 antimony tribromide 7789-61-9 1.42997 0.30000 892.75 0.28571 369.75 458.95 1,2 369.75 4.0191
311 SbCl3 antimony trichloride 10025-91-9 0.84488 0.25331 794.00 0.30257 346.55 714.60 1,2 346.55 2.6800
312 SbCl5 antimony pentachloride 7647-18-9 0.78102 0.27400 662.54 0.28571 275.95 662.54 1,2 275.95 2.3698
313 SbH3 stibine 7803-52-3 0.90538 0.31372 440.35 0.28571 185.15 440.35 1,2 185.15 2.4413
314 SbI3 antimony triiodide 7790-44-5 1.68384 0.30000 1097.96 0.28571 440.15 640.15 1,2 440.15 4.7641
315 Sb2O3 antimony (iii) oxide 1309-64-4 1.72636 0.30000 2765.72 0.28571 929.15 1129.15 1,2 929.15 5.0384
316 Sc scandium 7440-20-2 0.90098 0.29526 8035.08 0.28571 1814.15 2014.15 1,2 1814.15 2.8000
317 ScCl3 scandium chloride 10361-84-9 0.50100 0.18853 3493.44 0.76500 1213.00 2426.00 1,2 1213.00 1.6700
318 Se selenium (gray) 7782-49-2 0.75697 0.16124 1766.00 0.28571 494.15 694.15 1,2 494.15 3.9871
319 SeCS selenosulfide, carbon 5951-19-9 0.69071 0.27400 576.53 0.28571 197.95 576.53 1,2 197.95 2.1771
320 SeCl4 selenium tetrachloride 10026-03-6 0.76605 0.27400 743.95 0.28571 400.00 600.00 1,2 400.00 2.1641
321 SeF4 selenium tetrafluoride 13465-66-2 1.00046 0.29360 608.64 0.28571 263.15 608.64 1,2 298.15 2.7500
322 SeF6 selenium hexafluoride 7783-79-1 0.85211 0.27400 368.80 0.28571 238.45 368.80 1,2 238.45 2.2295
323 SeOCl2 selenium oxychloride 7791-23-3 0.79805 0.27400 706.80 0.28571 281.65 706.80 1,2 281.65 2.4450
324 SeOF2 selenium oxyfluoride 7783-43-9 0.92879 0.26650 635.50 0.28571 288.15 635.50 1,2 298.15 2.8000
325 SeO2 selenium dioxide 7446-08-4 1.33585 0.30000 961.16 0.28571 613.15 736.82 1,2 613.15 3.2878
326 Se2C diselenide, carbon 506-80-9 0.90535 0.27844 665.03 0.28571 229.45 665.03 1,2 298.15 2.6626
327 Si silicon 7440-21-3 1.73001 0.64037 5159.00 0.30000 1685.00 4643.10 1,2 1687.00 2.5700
328 SiBrCl2F silane, bromodichlorofluoro --- 0.66872 0.27400 497.17 0.28571 160.85 497.17 1,2 160.85 2.1285
329 SiBrF3 silane, bromotrifluoro --- 0.72447 0.27400 375.28 0.28571 202.65 375.28 1,2 202.65 2.0436
330 SiBr2ClF silane, dibromochlorofluoro --- 0.81945 0.27400 535.27 0.28571 173.85 535.27 1,2 173.85 2.6067
331 SiBr3Cl silane, tribromochloro 13465-76-4 0.99013 0.32690 614.74 0.28571 252.35 614.74 1,2 298.15 2.4970
332 SiBr4 tetrabromosilane 7789-66-4 0.91021 0.26374 663.00 0.28571 278.54 663.00 1,2 298.15 2.8000
333 SiCH3Cl3 silane, methyltrichloro 75-79-6 0.43982 0.26111 517.00 0.27788 195.35 517.00 1,2 195.35 1.4269
334 SiCH4Cl2 silane, methyldichloro 75-54-7 0.39804 0.28209 483.00 0.22529 182.55 483.00 1,2 182.55 1.2410
335 SiC2H5Cl3 silane, ethyltrichloro 115-21-9 0.39503 0.24246 559.95 0.29509 167.55 559.95 1,2 167.55 1.4148
336 SiC2H6Cl2 silane, dimethyldichloro 75-78-5 0.36073 0.25095 520.35 0.28758 197.05 520.35 1,2 197.05 1.2045
337 SiC3H10 silane, trimethyl 933-07-7 0.23858 0.26428 432.00 0.29230 137.26 432.00 1,2 137.26 0.7843
338 SiC7H8Cl2 silane, methylphenyldichloro 149-74-6 0.37625 0.25350 689.00 0.33126 229.65 689.00 1,2 229.65 1.2491
339 SiC8H20 silane, tetraethyl 631-36-7 0.24588 0.25676 606.00 0.27087 190.65 606.00 1,2 190.65 0.8390
340 SiClC3H9 chlorotrimethylsilane 75-77-4 0.29484 0.24793 497.75 0.29726 215.45 497.75 1,2 215.45 0.9578
341 SiClF3 silane, chlorotrifluoro 14049-36-6 0.56426 0.27400 330.54 0.28571 131.15 330.54 1,2 131.15 1.7303
342 SiCl2F2 silane, dichlorodifluoro 18356-71-3 0.55307 0.27400 390.93 0.28571 133.45 390.93 1,2 133.45 1.7450
343 SiCl3Br silane, bromotrichloro 13465-74-2 0.69835 0.29974 545.50 0.28571 211.15 545.50 1,2 298.15 1.8260
344 SiCl3F silane, trichlorofluoro 14965-52-7 0.54467 0.27400 460.49 0.28571 152.35 460.49 1,2 152.35 1.7275
345 SiCl4 silicon tetrachloride 10026-04-7 0.51929 0.26466 507.00 0.27618 204.30 507.00 1,2 204.30 1.6446
346 SiF4 silicon tetrafluoride 7783-61-1 0.51526 0.24128 259.00 0.16693 186.35 259.00 1,2 186.35 1.6272
347 SiHBr3 silane, tribromo 7789-57-3 1.05904 0.32450 610.00 0.28571 199.65 610.00 1,2 199.65 2.8930
348 SiHCl3 silane, trichloro 10025-78-2 0.50208 0.27817 479.00 0.27626 144.95 479.00 1,2 144.95 1.5988
349 SiHF3 silane, trifluoro 13465-71-9 0.51882 0.27400 291.02 0.28571 141.75 291.02 1,2 141.75 1.5123
350 SiH2Br2 silane, dibromo 13768-94-0 0.77365 0.28512 550.00 0.28571 202.95 550.00 1,2 202.95 2.3245
351 SiH2Cl2 silane, dichloro 4109-96-0 0.42619 0.26767 459.00 0.22750 151.15 459.00 1,2 151.15 1.4200
352 SiH2F2 silane, difluoro 13824-36-7 0.44709 0.27400 318.21 0.28571 150.00 318.21 1,2 150.00 1.3153
353 SiH2I2 silane, diiodo 13760-02-6 0.97501 0.28278 660.00 0.28571 272.15 660.00 1,2 272.15 2.8858
354 SiH3Br silane, monobromo 13465-73-1 0.55308 0.26469 454.00 0.28571 179.25 454.00 1,2 179.25 1.7494
355 SiH3Cl silane, monochloro 13465-78-6 0.35290 0.25554 396.65 0.28571 155.05 396.65 1,2 155.05 1.1533
356 SiH3F silane, monofluoro 13537-33-2 0.36018 0.27400 286.28 0.28571 150.00 286.28 1,2 150.00 1.0264
357 SiH3I silane, iodo 13598-42-0 0.70808 0.25939 515.00 0.28571 216.15 515.00 1,2 216.15 2.2477
358 SiH4 silane 7803-62-5 0.24205 0.28405 269.70 0.39578 88.48 269.70 1,2 88.48 0.7094
359 SiO2 silicon dioxide (alpha quartz) 14808-60-7 1.76380 0.65205 3780.00 0.28571 1696.00 2503.00 1,2 1696.00 2.5300
360 Si2C6H18O disiloxane, hexamethyl 107-46-0 0.27018 0.26863 518.70 0.28099 204.93 518.70 1,2 204.93 0.8459
361 Si2C6H19N disilazane, hexamethyl 999-97-3 0.26371 0.25980 544.00 0.28570 293.15 544.00 1,2 293.15 0.7769
362 Si2Cl6 disilane, hexachloro 13465-77-5 0.51982 0.27400 660.96 0.28571 271.95 660.96 1,2 271.95 1.5816
363 Si2Cl6O disiloxane, hexachloro 14986-21-1 0.53229 0.27400 655.58 0.28571 239.95 655.58 1,2 239.95 1.6587
364 Si2F6 disilane, hexafluoro --- 0.54778 0.27400 411.33 0.28571 254.55 411.33 1,2 254.55 1.4636
365 Si2H5Cl dislanyl chloride --- 0.34804 0.27400 506.89 0.28571 250.00 506.89 1,2 250.00 1.0108
366 Si2H6 disilane 1590-87-0 0.27952 0.31790 432.00 0.28571 140.65 432.00 1,2 140.65 0.7783
367 Si2H6O disiloxane 13597-73-4 0.31264 0.27400 416.86 0.28571 128.95 416.86 1,2 128.95 1.0020
368 Si2OCl3F3 disiloxane, trichlorotrifluoro --- 0.54394 0.27400 508.78 0.28571 150.00 508.78 1,2 150.00 1.7555
369 Si3Cl8 octachlorotrisilane --- 0.51452 0.27400 775.41 0.28571 250.00 697.87 1,2 250.00 1.6386
370 Si3H8 trisilane 7783-26-8 0.26010 0.27400 525.15 0.28571 155.95 525.15 1,2 155.95 0.8386
371 Si3H9N trisilazane --- 0.31120 0.27400 518.20 0.28571 167.45 518.20 1,2 167.45 0.9907
372 Si4H10 tetrasilane 7783-29-1 0.26613 0.27400 599.30 0.28571 179.55 599.30 1,2 179.55 0.8569
373 Sm samarium 7440-19-9 2.30412 0.28994 5082.92 0.28571 1347.15 1547.15 1,2 1347.15 7.1600
374 Sn tin (white) 7440-31-5 0.68914 0.09454 7400.00 0.27000 505.08 6660.00 1,2 505.08 6.9860
375 SnBr4 stannic bromide 7789-67-5 1.09276 0.27400 764.82 0.28571 304.15 391.00 1,2 304.15 3.3493
376 SnCl2 stannous chloride 7772-99-8 1.15953 0.29336 1459.53 0.32000 519.95 1200.00 1,2 520.00 3.3640
377 SnCl4 stannic chloride 7646-78-8 0.75734 0.27400 619.85 0.28571 242.95 619.85 1,2 242.95 2.3283
378 SnI4 stannic iodide 7790-47-8 1.51710 0.30000 1011.64 0.28571 417.65 617.65 1,2 417.65 4.2668
379 Sr strontium 7440-24-6 0.78222 0.30000 4267.20 0.28571 1050.15 1250.15 1,2 1050.15 2.3750
380 SrBr2 strontium bromide 10476-81-0 1.10700 0.25696 2678.83 0.28000 930.15 1860.30 1,2 940.00 3.6900
381 SrCl2 strontium chloride 10476-85-4 0.81396 0.24736 3303.79 0.34000 1147.15 2294.30 1,2 1170.00 2.7132
382 SrF2 strontium fluoride 7783-48-4 1.04100 0.21117 5040.43 0.60000 1750.15 3500.30 1,2 1750.15 3.4700
383 SrI2 strontium iodide 10476-86-5 1.22310 0.26087 2269.87 0.24500 788.15 1576.30 1,2 820.00 4.0770
384 Ta tantalum 7440-25-7 4.78107 0.30000 19900.93 0.28571 3290.15 3490.15 1,2 3290.15 15.0000
385 Tb terbium 7440-27-9 2.44800 0.30358 11138.10 0.28571 1629.15 1829.15 1,2 1629.15 7.6500
386 Tc technetium 7440-26-8 3.34979 0.30000 17400.77 0.28571 2430.15 2630.15 1,2 2430.15 10.6145
387 Te tellurium 13494-80-9 1.83626 0.30000 4840.00 0.28571 722.66 922.66 1,2 722.66 5.7970
388 TeCl4 tellurium tetrachloride 10026-07-0 0.93555 0.30000 1083.31 0.28571 497.15 581.15 1,2 497.15 2.5692
389 TeF6 tellurium hexafluoride 7783-80-4 1.16414 0.27400 380.18 0.28571 235.35 380.18 1,2 235.35 3.1100
390 Ti titanium 7440-32-6 1.38759 0.30000 6400.00 0.28571 1941.15 2141.15 1,2 1941.15 4.1100
391 TiCl4 titanium tetrachloride 7550-45-0 0.55691 0.26324 638.00 0.27260 249.05 638.00 1,2 249.05 1.7877
392 Tl thallium 7440-28-0 1.79212 0.14783 4648.06 0.28571 577.15 4183.25 1,2 577.15 11.2913
393 TlBr thallous bromide 7789-40-4 2.55912 0.30000 1778.75 0.28571 733.15 933.15 1,2 733.15 7.1999
394 TlCl thallium chloride 7791-12-0 1.68450 0.24725 2025.07 0.34500 703.15 1406.30 1,2 710.00 5.6150
395 TlI thallium iodide 7790-30-9 2.38850 0.30000 1785.26 0.28571 713.15 913.15 1,2 713.15 6.7626
396 TlNO3 thallium (i) nitrate 10102-45-1 1.46610 0.26093 1379.95 0.25000 479.15 958.30 1,2 490.00 4.8870
397 Tm thulium 7440-30-4 2.88674 0.28545 6283.16 0.28571 1818.15 2018.15 2 1818.15 9.0000
398 U uranium 7440-61-1 5.57293 0.30000 13712.62 0.28571 1408.15 1608.15 1,2 1408.15 17.9070
399 UF6 uranium fluoride 7783-81-5 1.74575 0.27705 505.80 0.28571 342.35 401.33 1,2 342.35 4.4224
400 V vanadium 7440-62-2 1.78294 0.30000 11787.15 0.28571 2183.15 2383.15 1,2 2183.15 5.5500
401 VCl4 vanadium tetrachloride 7632-51-1 0.71831 0.33057 697.00 0.31162 247.45 697.00 1,2 247.45 1.8864
402 VOCl3 vanadium oxytrichloride 7727-18-6 0.59758 0.29177 636.00 0.31711 193.65 636.00 1,2 193.65 1.7913
403 W tungsten 7440-33-7 5.84023 0.30000 14756.00 0.28571 3695.15 3895.15 1,2 3695.15 17.7000
404 WF6 tungsten fluoride 7783-82-6 1.28420 0.27400 468.56 0.28571 272.65 468.56 1,2 272.65 3.5228
405 Xe xenon 7440-63-3 1.10648 0.28552 289.74 0.28967 161.36 289.74 1,2 161.36 2.9783
406 Y yttrium 7440-65-5 1.32860 0.29141 9381.32 0.28571 1795.15 1995.15 1,2 1795.15 4.2400
407 YCl3 yttrium chloride 10361-92-9 0.75510 0.25459 2863.15 0.30500 994.15 1988.30 1,2 980.00 2.5170
408 Yb ytterbium 7440-64-4 2.12198 0.31165 4365.92 0.28571 1092.15 1292.15 1,2 1092.15 6.2100
409 Zn zinc 7440-66-6 1.98150 0.27115 3170.00 0.34000 692.70 2853.00 1,2 812.15 6.4270
410 ZnBr2 zinc bromide 7699-45-8 1.04100 0.25804 1921.39 0.27500 667.15 1334.30 1,2 670.00 3.4700
411 ZnCl2 zinc chloride 7646-85-7 0.84382 0.32317 1637.05 0.19000 638.15 1200.00 1,2 720.00 2.3210
412 ZnF2 zinc fluoride 7783-49-5 1.61024 0.30000 2882.98 0.28571 1145.15 1345.15 1,2 1145.15 4.5642
413 Zr zirconium 7440-67-7 1.90680 0.30000 8802.00 0.28571 2128.15 2328.15 1,2 2128.15 5.8000
414 ZrCl4 zirconium chloride 10026-11-6 1.08375 0.30000 983.96 0.28571 710.15 836.75 1,2 710.15 2.4989
415 ZrI2 zirconium diiodide 15513-85-6 1.16310 0.24116 2070.72 0.39000 719.00 1438.00 1,2 720.00 3.8770