1 Ac actinium 7440-34-8 461.9113 11010.67 0.3800 1324.15 11010.67 1,2 3471.15 400.000
2 Ag silver 7440-22-4 317.0206 6410.00 0.4200 1234.00 6410.00 1,2 2485.00 258.000
3 AgCl silver (i) chloride 7783-90-6 284.1440 2992.10 0.3800 728.15 2992.10 1,2 1820.15 199.000
4 AgI silver (i) iodide 7783-96-2 206.6129 2897.64 0.3800 825.15 2897.64 1,2 1779.15 143.900
5 Al aluminum 7429-90-5 336.7166 9300.00 0.3800 933.45 9300.00 1,2 2790.81 294.023
6 AlB3H12 aluminum borohydride 16962-07-5 43.2569 513.77 0.3800 209.15 513.77 1,2 317.65 30.000
7 AlBr3 aluminum bromide 7727-15-3 36.7728 763.00 0.3800 390.15 763.00 1,2 528.15 23.500
8 AlC2H6Cl aluminum, dimethyl chloride 1184-58-3 53.6930 619.00 0.4360 252.15 619.00 1,2 399.15 34.190
9 AlC3H9 aluminum, trimethyl 75-24-1 56.5000 620.00 0.4309 288.43 620.00 1,2 400.27 36.135
10 AlC6H15 aluminum, triethyl 97-93-8 92.8640 678.15 0.3787 220.65 678.15 1,2 467.15 59.682
11 AlCl3 aluminum chloride 7446-70-0 98.6870 629.00 0.6838 465.70 629.00 1,2 453.15 41.284
12 AlF3 aluminum fluoride 7784-18-1 267.3381 2948.13 0.3800 1313.15 2948.13 1,2 1549.15 201.392
13 AlI3 aluminum iodide 7784-23-8 48.8731 983.00 0.3800 464.15 983.00 1,2 655.15 32.200
14 Al2O3 aluminum oxide 1344-28-1 865.6965 5335.00 0.3800 2325.00 5335.00 1,2 3253.15 605.432
15 Ar argon 7440-37-1 8.7290 150.86 0.3520 83.80 150.86 1,2 87.28 6.440
16 As arsenic 7440-38-3 42.5463 1673.15 0.3800 1090.15 1673.15 1,2 888.00 31.915
17 AsBr3 arsenic (iii) bromide 7784-33-0 60.7594 789.01 0.3800 306.15 789.01 1,2 494.15 41.800
18 AsCl3 arsenic trichloride 7784-34-1 50.3888 654.00 0.3800 255.15 654.00 1,2 403.15 35.010
19 AsF3 arsenic trifluoride 7784-35-2 43.0791 530.21 0.3800 267.25 530.21 1,2 330.95 29.700
20 AsF5 arsenic pentafluoride 7784-36-3 29.9229 357.73 0.3800 193.35 357.73 1,2 220.35 20.800
21 AsH3 arsine 7784-42-1 22.1700 373.00 0.3559 156.28 373.00 1,2 210.67 16.489
22 AsI3 arsenic triiodide 7784-45-4 86.7987 1101.22 0.3800 419.15 1101.22 1,2 697.15 59.300
23 As2O3 arsenic trioxide 1327-53-3 77.0140 1200.00 0.3493 551.00 1200.00 1,2 740.30 55.083
24 At astatine 7440-68-8 121.4967 1096.37 0.3800 575.15 1096.37 1,2 607.00 89.422
25 Au gold 7440-57-5 519.6203 4398.00 0.3800 1337.33 4398.00 1,2 3129.15 324.000
26 B boron 7440-42-8 643.9806 7934.59 0.3800 2348.15 7934.59 1,2 4273.15 480.000
27 BBr3 boron tribromide 10294-33-4 44.3554 581.00 0.3800 228.15 581.00 1,2 364.15 30.500
28 BCl3 boron trichloride 10294-34-5 37.2130 451.95 0.4479 166.15 451.95 1,2 285.65 23.780
29 BF3 boron trifluoride 7637-07-2 29.1480 260.90 0.3809 144.79 260.90 1,2 173.35 19.230
30 BI3 boron triiodide 13517-10-7 58.7946 773.00 0.3800 316.15 773.00 1,2 483.15 40.500
31 B2D6 diborane, deutero 20396-66-1 18.1141 293.74 0.3800 150.00 293.74 1,2 180.65 12.604
32 B2F4 diborane, tetrafluoro 13965-73-6 42.0030 364.54 0.3800 217.15 364.54 1,2 239.15 28.000
33 B2H5Br diborane hydrobromide --- 33.7988 466.98 0.3800 168.95 466.98 1,2 289.45 23.404
34 B2H6 diborane 19287-45-7 20.7820 289.80 0.3828 107.65 289.80 1,2 180.65 14.301
35 B3N3H6 borazine 6569-51-3 46.6349 521.20 0.3800 214.95 521.20 1,2 326.15 32.100
36 B4H10 tetraborane 18283-93-7 39.2966 466.66 0.3800 153.25 466.66 1,2 291.15 27.100
37 B5H9 pentaborane 19624-22-7 34.1949 568.45 0.3800 226.35 568.45 1,2 333.15 24.457
38 B5H11 pentaborane 18433-84-6 45.6762 547.13 0.3800 225.00 547.13 1,2 336.15 31.800
39 B10H14 decaborane --- 61.4648 791.78 0.3800 372.75 791.78 1,2 486.15 42.809
40 Ba barium 7440-39-3 199.7462 3572.13 0.3800 1000.15 3572.13 1,2 2170.15 140.000
41 Be beryllium 7440-41-7 322.4100 5205.00 0.1171 1556.00 5205.00 1,2 2757.00 295.145
42 BeBr2 beryllium bromide 7787-46-4 149.3156 1216.86 0.3800 763.15 1216.86 1,2 793.15 100.000
43 BeCl2 beryllium chloride 7787-47-5 150.1648 1238.03 0.3800 678.15 1238.03 1,2 755.15 105.000
44 BeI2 beryllium iodide 7787-53-3 101.2245 1238.03 0.3800 761.15 1238.03 1,2 760.15 70.500
45 Bi bismuth 7440-69-9 167.7816 4620.00 0.2079 544.54 4620.00 1,2 1837.15 151.000
46 BiBr3 bismuth tribromide 7787-58-8 106.3217 1220.00 0.3800 491.15 1220.00 1,2 726.15 75.400
47 BiCl3 bismuth trichloride 7787-60-2 103.9817 1178.00 0.3800 503.15 1178.00 1,2 720.15 72.610
48 BrF3 bromine trifluoride 7787-71-5 68.2932 649.89 0.3800 281.92 649.89 1,2 398.95 47.570
49 BrF5 bromine pentafluoride 7789-30-2 46.5196 470.00 0.3800 211.75 470.00 1,2 313.65 30.619
50 Br2 bromine 7726-95-6 42.9929 584.15 0.4300 265.90 584.15 1,2 331.90 29.963
51 CCl2O carbonyl chloride 75-44-5 35.6000 455.00 0.3780 145.37 455.00 1,2 280.71 24.770
52 CF2O carbonyl fluoride 353-50-4 25.9139 297.00 0.4660 161.89 297.00 1,2 190.05 16.100
53 CH4N2O urea 57-13-6 87.8640 705.00 0.3800 298.10 705.00 1,2 465.00 58.342
54 CH4N2S thiourea 62-56-6 81.1300 854.00 0.3969 452.20 854.00 1,2 453.00 60.102
55 CNBr cyanogen bromide 506-68-3 44.6822 545.03 0.3800 331.15 545.03 1,2 334.65 31.120
56 CNCl cyanogen chloride 506-77-4 38.0900 449.00 0.3450 266.65 449.00 1,2 286.00 26.853
57 CNF cyanogen fluoride 1495-50-7 31.7760 368.51 0.3800 217.00 368.51 1,2 227.15 22.079
58 CN4O8 tetranitromethane 509-14-8 58.4840 540.00 0.3800 285.65 540.00 1,2 398.85 35.125
59 CO carbon monoxide 630-08-0 8.0030 132.92 0.3180 68.15 132.92 1,2 81.70 5.910
60 COS carbonyl sulfide 463-58-1 25.7000 378.80 0.3632 134.31 378.80 1,2 223.00 18.612
61 COSe carbon oxyselenide 1603-84-5 36.2982 406.58 0.3800 160.00 406.58 1,2 251.65 25.157
62 CO2 carbon dioxide 124-38-9 22.5763 304.19 0.3800 216.58 304.19 1,2 194.70 15.312
63 CS2 carbon disulfide 75-15-0 36.9608 552.00 0.3800 161.11 552.00 1,2 319.15 26.625
64 C2N2 cyanogen 460-19-5 34.9382 399.90 0.3800 238.75 399.90 1,2 252.05 23.938
65 Ca calcium 7440-70-2 207.4447 3267.00 0.3801 1115.00 3267.00 1,2 1757.00 154.706
66 CaF2 calcium fluoride 7789-75-5 443.5214 4570.85 0.3800 2806.50 4570.85 1,2 2806.50 308.900
67 Cd cadmium 7440-43-9 125.6917 2291.00 0.3800 594.05 2291.00 1,2 1040.15 99.870
68 CdCl2 cadmium chloride 10108-64-2 177.8659 2019.79 0.3800 841.15 2019.79 1,2 1233.15 124.300
69 CdF2 cadmium fluoride 7790-79-6 306.9885 3296.66 0.3800 793.15 3296.66 1,2 2021.15 214.000
70 CdI2 cadmium iodide 7790-80-9 160.3397 1741.29 0.3800 658.15 1741.29 1,2 1015.15 115.000
71 CdO cadmium oxide 1306-19-0 339.5456 2983.96 0.3800 1732.00 2983.96 1,2 1832.15 236.484
72 Ce cerium 7440-45-1 458.2284 11993.80 0.3800 1071.15 11993.80 1,2 3716.15 398.000
73 ClF chlorine monofluoride 7790-89-8 34.3051 282.32 0.3800 128.15 282.32 1,2 172.05 24.000
74 ClFO3 perchloryl fluoride 7616-94-6 27.7560 368.40 0.3795 125.41 368.40 1,2 226.49 19.325
75 ClF3 chlorine trifluoride 7790-91-2 39.7706 459.39 0.3800 190.15 459.39 1,2 284.90 27.530
76 ClF5 chlorine pentafluoride 13637-63-3 33.1850 415.90 0.3800 200.00 415.90 1,2 260.05 22.854
77 ClNO2 nitryl chloride 13444-90-1 38.4501 394.96 0.3800 128.15 394.96 1,2 258.15 25.700
78 ClO2 chlorine dioxide 10049-04-4 43.0728 465.00 0.3830 213.55 465.00 1,2 284.05 30.006
79 Cl2 chlorine 7782-50-5 28.5600 417.15 0.3900 172.12 417.15 1,2 239.12 20.490
80 Cl2O chlorine monoxide 7791-21-1 37.3800 444.68 0.3800 157.15 444.68 1,2 275.35 25.900
81 Cl2O7 chlorine heptoxide 10294-48-1 50.4978 565.78 0.3800 182.15 565.78 1,2 355.15 34.690
82 Co cobalt 7440-48-4 467.5697 7398.48 0.3800 1768.15 7398.48 1,2 3200.15 377.000
83 CoCl2 cobalt chloride 7646-79-9 209.5324 2154.97 0.3800 1008.15 2154.97 1,2 1322.15 146.000
84 CoNC3O4 cobalt nitrosyl tricarbonyl 14096-82-3 42.8977 567.68 0.3800 262.15 567.68 1,2 320.00 31.301
85 Cr chromium 7440-47-3 398.4671 8560.93 0.3800 2180.15 8560.93 1,2 2944.15 339.500
86 CrO2Cl2 chromium oxychloride 14977-61-8 50.8464 626.33 0.3800 176.65 626.33 1,2 390.15 35.100
87 Cs cesium 7440-46-2 80.8153 2048.10 0.3800 301.65 2048.10 1,2 944.15 63.900
88 CsBr cesium bromide 7787-69-1 216.8074 2562.13 0.3800 909.15 2562.13 1,2 1573.15 151.000
89 CsCl cesium chloride 7647-17-8 165.0717 2562.13 0.3800 919.15 2562.13 1,2 1570.15 115.100
90 CsF cesium fluoride 13400-13-0 165.8360 2482.33 0.3800 956.15 2482.33 1,2 1524.15 115.500
91 CsI cesium iodide 7789-17-5 215.6586 2529.56 0.3800 894.15 2529.56 1,2 1553.15 150.200
92 Cu copper 7440-50-8 408.0719 5123.00 0.3800 1357.77 5123.00 1,2 2835.15 300.400
93 CuBr cuprous bromide 7787-70-4 293.8106 2651.71 0.3800 777.15 2651.71 1,2 1618.15 205.388
94 CuCl cuprous chloride 7758-89-6 88.0846 2435.00 0.3800 1079.50 2435.00 1,2 1763.15 54.000
95 CuCl2 cupric chloride 7447-39-4 230.4402 2010.00 0.3800 906.15 2010.00 1,2 1266.15 157.946
96 CuI copper iodide 7681-65-4 289.6027 2620.77 0.3800 878.15 2620.77 1,2 1609.15 201.700
97 D2 deuterium 7782-39-0 1.6570 38.35 0.3520 18.73 38.35 1,2 23.65 1.182
98 D2O deuterium oxide 7789-20-0 59.6720 643.89 0.4054 276.96 643.89 1,2 374.55 41.910
99 Eu europium 7440-53-1 207.2948 5150.00 0.3800 1095.15 5150.00 1,2 1802.15 176.000
100 FNO nitrosyl fluoride 7789-25-5 27.4324 352.67 0.3800 139.15 352.67 1,2 213.25 19.280
101 FNO2 nitryl fluoride 10022-50-1 24.9720 349.50 0.3800 107.15 349.50 1,2 200.75 18.050
102 F2 fluorine 7782-41-4 8.8757 144.12 0.3407 53.54 144.12 1,2 84.95 6.553
103 F2O fluorine oxide 7783-41-7 15.6635 215.10 0.3800 49.25 215.10 1,2 128.40 11.090
104 F2O2 difluorine dioxide 7783-44-0 28.1320 338.24 0.3800 119.15 338.24 1,2 216.15 19.100
105 Fe iron 7439-89-6 397.1278 9340.00 0.3800 1811.00 9340.00 1,2 3133.35 340.000
106 FeC5O5 iron pentacarbonyl 13463-40-6 48.6794 607.20 0.3800 252.15 607.20 1,2 376.15 33.720
107 FeCl2 ferrous chloride 7758-94-3 37.7241 2115.88 0.3800 945.15 2115.88 1,2 1297.00 26.300
108 FeCl3 ferric chloride 7705-08-0 62.8312 964.41 0.3800 577.15 964.41 1,2 592.15 43.760
109 Fr francium 7440-73-5 182.4464 1606.46 0.3800 300.15 1606.46 1,2 946.15 130.139
110 Ga gallium 7440-55-3 294.9301 7620.00 0.3800 302.91 7620.00 1,2 2477.15 254.000
111 GaBr3 gallium (iii) bromide 13450-88-9 60.2985 806.70 0.3800 394.65 806.70 1,2 552.15 38.900
112 GaC3H9 gallium, trimethyl 1445-79-0 52.6200 510.00 0.5349 257.45 510.00 1,2 328.95 30.239
113 GaCl3 gallium trichloride 13450-90-3 34.0144 694.00 0.3070 350.90 694.00 1,2 474.15 23.900
114 GaI3 gallium (iii) iodide 13450-91-4 83.7225 951.00 0.3800 485.15 951.00 1,2 613.15 56.500
115 Ge germanium 7440-56-4 369.6293 9803.00 0.2660 1210.40 9803.00 1,2 3100.00 334.082
116 GeBr4 germanium bromide 13450-92-5 59.8541 740.00 0.3800 299.25 740.00 1,2 459.50 41.400
117 GeCl4 germanium chloride 10038-98-9 40.5697 574.00 0.3800 223.65 574.00 1,2 359.70 27.900
118 GeHCl3 germane, trichloro 1184-65-2 41.8769 559.78 0.3800 202.05 559.78 1,2 348.45 28.921
119 GeH4 germane 7782-65-2 17.5322 312.20 0.2457 107.26 312.20 1,2 185.00 14.061
120 Ge2H6 digermane 13818-89-8 36.2189 491.01 0.3800 164.15 491.01 1,2 303.95 25.100
121 Ge3H8 trigermane 14691-44-2 46.6229 616.37 0.3800 167.55 616.37 1,2 383.65 32.200
122 HBr hydrogen bromide 10035-10-6 25.3000 363.15 0.4010 186.34 363.15 1,2 206.45 18.061
123 HCN hydrogen cyanide 74-90-8 41.4470 456.65 0.3870 259.83 456.65 1,2 299.15 27.452
124 HCl hydrogen chloride 7647-01-0 22.0930 324.65 0.3466 158.97 324.65 1,2 188.15 16.362
125 HClO3S chlorosulfonic acid 7790-94-5 61.5600 700.00 0.4432 193.15 700.00 1,2 427.00 40.555
126 HClO4 perchloric acid 7601-90-3 38.2070 631.00 0.3800 273.15 631.00 1,2 385.00 26.711
127 HF hydrogen fluoride 7664-39-3 11.0420 461.15 0.3800 189.79 461.15 1,2 292.67 7.531
128 HI hydrogen iodide 10034-85-2 27.4557 423.85 0.4000 222.38 423.85 1,2 237.55 19.762
129 HNO3 nitric acid 7697-37-2 70.1000 520.00 0.6866 231.55 520.00 1,2 356.15 31.721
130 H2 hydrogen 1333-74-0 1.3962 33.18 0.4560 13.95 33.18 1,2 20.39 0.904
131 H2O water 7732-18-5 54.0000 647.13 0.3400 273.15 647.13 1,2 373.15 40.316
132 H2O2 hydrogen peroxide 7722-84-1 61.5220 730.15 0.3201 272.73 730.15 1,2 423.35 46.612
133 H2S hydrogen sulfide 7783-06-4 25.6760 373.53 0.3736 187.68 373.53 1,2 212.80 18.738
134 H2SO4 sulfuric acid 7664-93-9 75.5926 925.00 0.3800 599.10 925.00 1,2 610.00 50.200
135 H2S2 hydrogen disulfide 13465-07-1 49.8037 542.39 0.3800 183.45 542.39 1,2 343.85 33.994
136 H2Se hydrogen selenide 7783-07-5 27.5045 411.15 0.4020 207.45 411.15 1,2 231.15 19.733
137 H2Te hydrogen telluride 7783-09-7 27.7047 438.04 0.3800 224.15 438.04 1,2 271.15 19.200
138 H3NO hydroxylamine 7803-49-8 83.4874 574.00 0.3800 306.25 574.00 1,2 383.00 54.958
139 He helium-3 14762-55-1 0.0352 3.31 0.1000 3.20 3.31 1,2 3.20 0.025
140 He helium-4 7440-59-7 0.1035 5.20 0.1300 2.20 5.20 1,2 4.22 0.083
141 Hf hafnium 7440-58-6 629.0217 21688.00 0.3800 2506.15 21688.00 1,2 4876.15 571.000
142 Hg mercury 7439-97-6 70.2660 1735.00 0.3799 234.29 1735.00 1,2 629.84 59.200
143 HgBr2 mercuric bromide 7789-47-1 84.8154 964.41 0.3800 510.15 964.41 1,2 595.15 58.890
144 HgCl2 mercuric chloride 7487-94-7 84.5694 939.98 0.3800 550.15 939.98 1,2 577.15 58.900
145 HgI2 mercuric iodide 7774-29-0 82.4448 1078.10 0.3800 532.15 1078.10 1,2 627.15 59.200
146 IF5 iodine pentafluoride 7783-66-6 60.1801 594.33 0.3800 282.58 594.33 1,2 373.65 41.300
147 IF7 iodine heptafluoride 16921-96-3 31.6388 447.53 0.3800 278.65 447.53 1,2 277.95 21.881
148 I2 iodine 7553-56-2 57.1980 819.15 0.3812 386.75 819.15 1,2 457.56 41.878
149 In indium 7440-74-6 272.7824 6730.00 0.3800 429.75 6730.00 1,2 2345.15 231.800
150 Ir iridium 7439-88-5 649.2143 15035.00 0.3800 2719.15 15035.00 1,2 4701.15 563.000
151 K potassium 7440-09-7 97.4353 2223.00 0.3798 336.35 2223.00 1,2 1031.00 76.900
152 KBr potassium bromide 7758-02-3 213.9888 2697.31 0.3800 1003.15 2697.31 1,2 1653.15 149.200
153 KCl potassium chloride 7447-40-7 183.7779 3470.00 0.5863 1044.00 3470.00 1,2 1689.00 124.300
154 KF potassium fluoride 7789-23-3 203.5979 2891.12 0.3800 1153.15 2891.12 1,2 1775.15 141.800
155 KI potassium iodide 7681-11-0 276.2905 2601.22 0.3800 996.15 2601.22 1,2 1618.00 190.900
156 KOH potassium hydroxide 1310-58-3 204.8902 2605.86 0.3800 1596.00 2605.86 1,2 1600.00 142.700
157 Kr krypton 7439-90-9 9.9500 209.35 0.1000 115.78 209.35 1,2 119.80 9.140
158 La lanthanum 7439-91-0 486.0748 9511.00 0.3800 1193.15 9511.00 1,2 3737.15 402.100
159 Li lithium 7439-93-2 198.3286 2966.00 0.3800 453.69 2966.00 1,2 1615.00 147.100
160 LiBr lithium bromide 7550-35-8 153.7752 2578.42 0.3800 820.15 2578.42 1,2 1583.15 107.100
161 LiCl lithium chloride 7447-41-8 299.8059 2695.68 0.3800 887.15 2695.68 1,2 1656.15 208.730
162 LiF lithium fluoride 7789-24-4 210.5442 3182.65 0.3800 1143.15 3182.65 1,2 1946.15 147.000
163 LiI lithium iodide 10377-51-2 206.4400 2370.00 0.2230 742.00 2370.00 1,2 1447.00 167.290
164 Lu lutetium 7439-94-3 958.3073 4128.66 0.3800 1936.15 4128.66 1,2 3675.15 414.000
165 Mg magnesium 7439-95-4 182.7568 2241.04 0.3800 923.15 2241.04 1,2 1363.15 128.000
166 MgCl2 magnesium chloride 7786-30-3 223.7941 2754.32 0.3800 985.15 2754.32 1,2 1685.15 156.200
167 MgO magnesium oxide 1309-48-4 449.1500 5950.00 0.3173 3105.00 5950.00 1,2 3873.20 321.623
168 Mn manganese 7439-96-5 258.5248 6902.82 0.3800 1519.15 6902.82 1,2 2334.15 221.000
169 MnCl2 manganese (ii) chloride 7773-01-5 213.9356 2382.98 0.3800 923.15 2382.98 1,2 1463.15 149.000
170 Mo molybdenum 7439-98-7 809.5042 9620.00 0.3800 2895.15 9620.00 1,2 4912.15 617.000
171 MoCl5 molybdenum (v) chloride 10241-05-1 92.2645 850.00 0.3800 467.15 850.00 1,2 541.15 62.800
172 MoF5 molybdenum (v) fluoride 13819-84-6 75.5887 772.50 0.3800 340.15 772.50 1,2 486.75 51.800
173 MoF6 molybdenum fluoride 7783-77-9 41.7463 498.12 0.3800 290.15 498.12 1,2 307.15 29.000
174 MoOF4 molybdenum (vi) oxytetrafluoride 14459-59-7 74.9278 712.86 0.3800 371.15 712.86 1,2 459.15 50.600
175 MoO3 molybdenum oxide 1313-27-5 198.4793 2319.46 0.3800 1068.15 2319.46 1,2 1428.15 138.000
176 NClO nitrosyl chloride 2696-92-6 32.6787 440.65 0.2536 213.55 440.65 1,2 267.77 25.775
177 NCl3 nitrogen trichloride 10025-85-1 43.5441 564.00 0.3800 246.15 564.00 1,2 344.15 30.440
178 ND3 heavy ammonia --- 38.3092 388.40 0.3800 199.15 388.40 1,2 240.15 26.568
179 NF3 nitrogen trifluoride 7783-54-2 16.4098 234.00 0.3649 66.46 234.00 1,2 144.09 11.575
180 NH3 ammonia 7664-41-7 31.5230 405.65 0.3400 195.41 405.65 1,2 239.72 23.261
181 NH4Br ammonium bromide 12124-97-9 51.7296 1089.82 0.3800 793.00 1089.82 1,2 669.15 36.028
182 NH4Cl ammonium chloride 12125-02-9 65.8370 882.00 0.3800 793.20 882.00 1,2 612.00 41.987
183 NH4I ammonium iodide 12027-06-4 52.7872 1104.32 0.3800 793.00 1104.32 1,2 678.15 36.762
184 NO nitric oxide 10102-43-9 21.3100 180.15 0.4056 112.15 180.15 1,2 121.38 13.529
185 NO2 nitrogen dioxide 10102-44-0 38.1160 431.35 0.3800 294.30 431.35 1,2 294.15 24.664
186 N2 nitrogen 7727-37-9 7.4905 126.20 0.3130 63.15 126.20 1,2 77.34 5.566
187 N2F4 tetrafluorohydrazine 10036-47-2 15.9184 309.35 0.1763 111.65 309.35 1,2 198.95 13.274
188 N2H4 hydrazine 302-01-2 59.7940 653.15 0.4250 274.69 653.15 1,2 386.65 40.851
189 N2H4C ammonium cyanide 12211-52-8 47.5841 491.32 0.3800 309.15 491.32 1,2 304.85 32.929
190 N2O nitrous oxide 10024-97-2 23.2150 309.57 0.3840 182.33 309.57 1,2 184.67 16.383
191 N2O3 nitrogen trioxide 10544-73-7 58.5760 425.00 0.3800 246.00 425.00 1,2 275.15 39.417
192 N2O4 nitrogen tetraoxide 10544-72-6 58.9574 431.15 0.3800 294.25 431.15 1,2 294.31 38.119
193 N2O5 nitrogen pentoxide 10102-03-1 87.0000 515.51 0.3800 263.00 515.51 1,2 306.15 61.774
194 Na sodium 7440-23-5 120.1558 2573.00 0.3516 370.95 2573.00 1,2 1156.00 97.420
195 NaBr sodium bromide 7647-15-6 193.6777 4287.00 0.3800 1720.00 4287.00 1,2 1663.82 160.700
196 NaCN sodium cyanide 143-33-9 211.8226 2900.00 0.3800 1773.10 2900.00 1,2 1769.15 148.100
197 NaCl sodium chloride 7647-14-5 170.7100 3400.00 0.3800 1738.00 3400.00 1,2 1738.20 130.052
198 NaF sodium fluoride 7681-49-4 208.4657 5530.00 0.3800 2060.00 5530.00 1,2 1982.72 176.100
199 NaI sodium iodide 7681-82-5 309.8138 2568.65 0.3800 924.15 2568.65 1,2 1577.00 215.789
200 NaOH sodium hydroxide 1310-73-2 245.3592 2820.00 0.3800 596.00 2820.00 1,2 1830.00 164.835
201 Nb niobium 7440-03-1 781.7197 17904.10 0.3800 2750.15 17904.10 1,2 5017.15 689.900
202 NbCl5 niobium (v) chloride 10026-12-7 79.0589 803.50 0.3800 477.85 803.50 1,2 527.15 52.700
203 NbF5 niobium (v) fluoride 7783-68-8 75.4605 811.32 0.3800 348.65 811.32 1,2 502.15 52.300
204 Nd neodymium 7440-00-8 333.4698 10665.10 0.3800 1289.15 10665.10 1,2 3347.15 289.000
205 Ne neon 7440-01-9 2.3890 44.40 0.3494 24.55 44.40 1,2 27.09 1.719
206 Ni nickel 7440-02-0 475.7837 6986.15 0.3800 1728.15 6986.15 1,2 3186.15 377.500
207 NiC4O4 nickel carbonyl 13463-39-3 42.3573 508.40 0.3800 248.15 508.40 1,2 315.65 29.300
208 O2 oxygen 7782-44-7 9.0080 154.58 0.3230 54.36 154.58 1,2 90.19 6.789
209 O3 ozone 10028-15-6 18.5870 261.00 0.3042 80.15 261.00 1,2 161.85 13.847
210 Os osmium 7440-04-2 851.2222 16878.70 0.3800 3306.15 16878.70 1,2 5285.15 738.000
211 OsF5 osmium (v) fluoride 31576-40-6 87.4886 939.36 0.3800 343.15 939.36 1,2 499.05 65.600
212 OsF6 osmium (vi) fluoride 13768-38-2 38.1176 581.16 0.3800 306.35 581.16 1,2 320.65 28.100
213 OsO4 osmium tetroxide 20816-12-0 57.2032 656.60 0.3800 315.15 656.60 1,2 408.15 39.540
214 P phosphorus (white) 7723-14-0 16.8981 993.75 0.3800 317.25 993.75 1,2 553.65 12.400
215 PBr3 phosphorus tribromide 7789-60-8 56.4639 711.00 0.3800 233.15 711.00 1,2 446.10 38.800
216 PC3H9O4 phosphate, trimethyl 512-56-1 64.1530 729.00 0.2792 227.00 729.00 1,2 470.35 48.039
217 PC6H15O4 phosphate, triethyl 78-40-0 69.3320 757.00 0.3800 216.65 757.00 1,2 488.15 46.783
218 PClF2 phosphorus (iii) chloride difluoride 14335-40-1 25.5067 362.40 0.3800 250.00 362.40 1,2 225.90 17.600
219 PCl2F phosphorus (iii) dichloride fluoride 15597-63-4 35.9721 463.00 0.3800 250.00 463.00 1,2 287.15 24.900
220 PCl2F3 phosphorus (v) dichloride trifluoride 13454-99-4 32.1348 457.02 0.3800 265.15 457.02 1,2 280.25 22.398
221 PCl3 phosphorus (iii) chloride 7719-12-2 45.9178 563.15 0.4229 181.15 563.15 1,2 349.25 30.491
222 PCl5 phosphorus pentachloride 10026-13-8 70.3214 646.15 0.3800 433.15 646.15 1,2 433.00 46.138
223 PF3 phosphorus (iii) fluoride 7783-55-3 24.1478 271.20 0.3800 121.65 271.20 1,2 171.65 16.500
224 PF5 phosphorus (v) fluoride 7647-19-0 25.2612 296.31 0.3800 179.35 296.31 1,2 188.55 17.200
225 PH3 phosphine 7803-51-2 19.3290 324.75 0.3332 139.37 324.75 1,2 185.41 14.581
226 PH4I phosphonium iodide 12125-09-6 47.6886 539.70 0.3800 291.65 539.70 1,2 335.65 32.953
227 POBr3 phosphorus (v) oxybromide 7789-59-5 56.7672 712.70 0.3800 329.15 712.70 1,2 464.85 38.000
228 POCl3 phosphorus oxychloride 10025-87-3 50.0603 602.15 0.3800 274.33 602.15 1,2 378.65 34.350
229 PSCl3 phosphorus thiochloride 3982-91-0 49.0121 638.82 0.3800 236.95 638.82 1,2 398.15 33.822
230 PSF3 phosphorus (v) sulfide trifluoride 2404-52-6 28.8501 346.00 0.3800 124.35 346.00 1,2 220.90 19.600
231 P2S5 phosphorus (v) sulfide 1314-80-3 70.7261 1291.00 0.3800 561.15 1291.00 1,2 787.15 49.465
232 P4O6 phosphorous (iii) oxide 12440-00-5 62.9892 714.86 0.3800 295.65 714.86 1,2 446.15 43.430
233 Pb lead 7439-92-1 214.1915 5400.00 0.3800 600.61 5400.00 1,2 2022.15 179.216
234 PbBr2 lead bromide 10031-22-8 188.8660 1933.47 0.3800 646.15 1933.47 1,2 1165.15 133.000
235 PbC8H20 tetraethyl lead 78-00-2 72.6130 655.00 0.4256 139.41 655.00 1,2 473.15 42.088
236 PbCl2 lead chloride 7758-95-4 182.0788 1998.62 0.3800 774.15 1998.62 1,2 1224.15 127.000
237 PbF2 lead fluoride 7783-46-2 230.3040 2550.73 0.3800 1128.15 2550.73 1,2 1566.15 160.400
238 PbI2 lead iodide 10101-63-0 149.3240 1865.07 0.3800 675.15 1865.07 1,2 1145.15 104.000
239 PbO lead oxide 1317-36-8 297.4190 2842.26 0.3800 1163.15 2842.26 1,2 1747.15 207.000
240 PbS lead sulfide 1314-87-0 330.2361 2531.19 0.3800 1387.15 2531.19 1,2 1554.15 230.000
241 Pd palladium 7440-05-3 415.2942 10669.10 0.3800 1828.05 10669.10 1,2 3236.15 362.000
242 Po polonium 7440-08-6 125.7518 3013.08 0.3800 527.15 3013.08 1,2 1235.15 102.910
243 Pt platinum 7440-06-4 656.2389 6983.00 0.3800 2041.55 6983.00 1,2 4098.15 469.000
244 Ra radium 7440-14-4 138.3859 4862.82 0.3800 973.15 4862.82 1,2 1799.15 116.104
245 Rb rubidium 7440-17-7 95.4449 2111.10 0.3800 312.46 2111.10 1,2 961.15 75.770
246 RbBr rubidium bromide 7789-39-1 221.2795 2646.82 0.3800 955.15 2646.82 1,2 1613.15 154.800
247 RbCl rubidium chloride 7791-11-9 238.7005 2694.06 0.3800 988.15 2694.06 1,2 1663.15 165.700
248 RbF rubidium fluoride 13446-74-7 255.4707 2738.03 0.3800 1033.15 2738.03 1,2 1683.15 177.800
249 RbI rubidium iodide 7790-29-6 282.5368 2568.65 0.3800 915.15 2568.65 1,2 1573.15 197.080
250 Re rhenium 7440-15-5 794.7591 21482.80 0.3800 3459.15 21482.80 1,2 5869.15 704.000
251 ReF5 rhenium (v) fluoride 30937-52-1 85.5469 774.10 0.3800 321.15 774.10 1,2 494.45 58.100
252 ReF6 rhenium (vi) fluoride 10049-17-9 42.7229 472.97 0.3800 291.65 472.97 1,2 306.95 28.700
253 ReOF4 rhenium (vi) oxytetrafluoride 17026-29-8 91.1053 682.25 0.3800 381.15 682.25 1,2 444.85 61.000
254 ReO2F3 rhenium (vii) dioxytrifluoride 57246-89-6 99.4746 690.26 0.3800 363.15 690.26 1,2 458.55 65.700
255 Re2O7 rhenium heptoxide 1314-68-7 106.1515 1035.10 0.3800 569.15 1035.10 1,2 633.15 74.100
256 Rh rhodium 7440-16-6 568.0098 12906.60 0.3800 2237.15 12906.60 1,2 3968.15 494.000
257 Rn radon 10043-92-2 24.7299 377.40 0.3800 202.15 377.40 1,2 211.45 18.098
258 Ru ruthenium 7440-18-8 673.8647 15247.10 0.3800 2607.15 15247.10 1,2 4423.15 591.600
259 RuF5 ruthenium (v) fluoride 14521-18-7 83.5929 977.44 0.3800 359.65 977.44 1,2 500.15 63.661
260 S sulfur 7704-34-9 61.2418 1314.00 0.3900 388.36 1314.00 1,2 717.82 44.998
261 SCl2 sulfur dichloride 10545-99-0 46.5214 542.00 0.3801 151.15 542.00 1,2 332.75 32.400
262 SCl2O thionyl chloride 7719-09-7 45.5632 567.00 0.3800 168.65 567.00 1,2 348.75 31.700
263 SF4 sulfur tetrafluoride 7783-60-0 38.9529 364.00 0.3800 149.15 364.00 1,2 232.70 26.440
264 SF6 sulfur hexafluoride 2551-62-4 24.1700 318.69 0.3590 233.15 318.69 1,2 209.25 16.468
265 SOBr2 thionyl bromide 507-16-4 55.9984 661.75 0.3800 220.95 661.75 1,2 413.15 38.601
266 SOCl2 thionyl chloride 7719-09-7 45.6071 567.00 0.3810 172.00 567.00 1,2 348.75 31.700
267 SOF2 thionyl fluoride 7783-42-8 31.4178 371.25 0.3800 162.65 371.25 1,2 229.35 21.800
268 SO2 sulfur dioxide 7446-09-5 36.7600 430.75 0.4000 200.00 430.75 1,2 263.13 25.201
269 SO2Cl2 sulfuryl chloride 7791-25-5 47.9680 545.00 0.4279 219.00 545.00 1,2 342.55 31.400
270 SO3 sulfur trioxide 7446-11-9 73.3700 490.85 0.5647 289.95 490.85 1,2 317.90 40.709
271 S2Cl2 sulfur monochloride 10025-67-9 52.1039 659.37 0.3800 193.15 659.37 1,2 410.15 36.000
272 Sb antimony 7440-36-0 230.1244 5070.00 0.3800 903.78 5070.00 1,2 1860.15 193.430
273 SbBr3 antimony tribromide 7789-61-9 85.1847 892.75 0.3800 369.75 892.75 1,2 553.15 59.000
274 SbCl3 antimony trichloride 10025-91-9 68.9504 794.00 0.4349 346.55 794.00 1,2 493.40 45.193
275 SbCl5 antimony pentachloride 7647-18-9 74.4423 662.54 0.3800 275.95 662.54 1,2 449.15 48.400
276 SbH3 stibine 7803-52-3 30.1047 440.35 0.3800 185.15 440.35 1,2 255.15 21.662
277 SbI3 antimony triiodide 7790-44-5 98.4968 1097.96 0.3800 440.15 1097.96 1,2 674.15 68.600
278 Sb2O3 antimony (iii) oxide 1309-64-4 107.1113 2765.72 0.3800 929.15 2765.72 1,2 1698.15 74.600
279 Sc scandium 7440-20-2 400.6854 8035.08 0.3800 1814.15 8035.08 1,2 3109.15 332.700
280 Se selenium (gray) 7782-49-2 128.5237 1766.00 0.3800 494.15 1766.00 1,2 958.15 95.480
281 SeCS selenosulfide, carbon 5951-19-9 50.4491 576.53 0.3800 197.95 576.53 1,2 358.75 34.849
282 SeCl4 selenium tetrachloride 10026-03-6 62.1003 743.95 0.3800 450.00 743.95 1,2 464.55 42.803
283 SeF4 selenium tetrafluoride 13465-66-2 68.3768 608.64 0.3800 263.15 608.64 1,2 379.15 47.200
284 SeF6 selenium hexafluoride 7783-79-1 26.4175 368.80 0.3800 238.45 368.80 1,2 227.35 18.354
285 SeOCl2 selenium oxychloride 7791-23-3 62.7496 706.80 0.3800 281.65 706.80 1,2 450.15 42.700
286 SeO2 selenium dioxide 7446-08-4 135.4068 961.16 0.3800 613.15 961.16 1,2 588.15 94.500
287 Si silicon 7440-21-3 551.2339 5159.00 0.3800 1685.00 5159.00 1,2 3490.00 359.000
288 SiBrCl2F silane, bromodichlorofluoro --- 34.4378 497.17 0.3800 160.85 497.17 1,2 308.55 23.828
289 SiBrF3 silane, bromotrifluoro --- 25.2283 375.28 0.3800 202.65 375.28 1,2 231.45 17.523
290 SiBr2ClF silane, dibromochlorofluoro --- 37.6428 535.27 0.3800 173.85 535.27 1,2 332.65 26.023
291 SiBr4 tetrabromosilane 7789-66-4 56.1323 663.00 0.3800 278.54 663.00 1,2 427.15 37.900
292 SiCH3Cl3 silane, methyltrichloro 75-79-6 38.2000 517.00 0.2870 195.35 517.00 1,2 339.55 28.105
293 SiCH4Cl2 silane, methyldichloro 75-54-7 36.7560 483.00 0.3127 182.55 483.00 1,2 314.70 26.435
294 SiC2H5Cl3 silane, ethyltrichloro 115-21-9 49.4820 559.95 0.3987 167.55 559.95 1,2 371.05 32.084
295 SiC2H6Cl2 silane, dimethyldichloro 75-78-5 44.5400 520.35 0.3850 197.05 520.35 1,2 343.35 29.407
296 SiC3H10 silane, trimethyl 933-07-7 32.3100 432.00 0.3656 137.26 432.00 1,2 279.85 22.062
297 SiC7H8Cl2 silane, methylphenyldichloro 149-74-6 67.0820 689.00 0.3853 229.65 689.00 1,2 477.35 42.569
298 SiC8H20 silane, tetraethyl 631-36-7 57.4370 606.00 0.3777 190.65 606.00 1,2 426.56 36.271
299 SiClC3H9 chlorotrimethylsilane 75-77-4 42.1520 497.75 0.3789 215.45 497.75 1,2 330.75 27.869
300 SiClF3 silane, chlorotrifluoro 14049-36-6 26.8655 330.54 0.3800 131.15 330.54 1,2 203.15 18.700
301 SiCl2F2 silane, dichlorodifluoro 18356-71-3 30.3814 390.93 0.3800 133.45 390.93 1,2 241.15 21.100
302 SiCl3F silane, trichlorofluoro 14965-52-7 31.3903 460.49 0.3800 152.35 460.49 1,2 285.40 21.738
303 SiCl4 silicon tetrachloride 10026-04-7 41.5620 507.00 0.3795 204.30 507.00 1,2 330.00 27.879
304 SiF4 silicon tetrafluoride 7783-61-1 24.1050 259.00 0.3799 186.35 259.00 1,2 187.15 14.810
305 SiHBr3 silane, tribromo 7789-57-3 50.5939 610.00 0.3800 199.65 610.00 1,2 382.15 34.800
306 SiHCl3 silane, trichloro 10025-78-2 38.9070 479.00 0.3817 144.95 479.00 1,2 305.00 26.433
307 SiHF3 silane, trifluoro 13465-71-9 23.2181 291.02 0.3800 141.75 291.02 1,2 178.15 16.200
308 SiH2Br2 silane, dibromo 13768-94-0 44.6262 550.00 0.3800 202.95 550.00 1,2 339.15 31.000
309 SiH2Cl2 silane, dichloro 4109-96-0 36.8400 459.00 0.4022 151.15 459.00 1,2 281.45 25.143
310 SiH2F2 silane, difluoro 13824-36-7 23.4015 318.21 0.3800 151.00 318.21 1,2 195.35 16.300
311 SiH2I2 silane, diiodo 13760-02-6 62.3360 660.00 0.3800 272.15 660.00 1,2 423.15 42.229
312 SiH3Br silane, monobromo 13465-73-1 34.7932 454.00 0.3800 179.25 454.00 1,2 275.55 24.400
313 SiH3Cl silane, monochloro 13465-78-6 30.0929 396.65 0.3800 155.05 396.65 1,2 242.75 21.000
314 SiH3F silane, monofluoro 13537-33-2 26.8803 286.28 0.3800 155.00 286.28 1,2 175.15 18.762
315 SiH3I silane, iodo 13598-42-0 43.2189 515.00 0.3800 216.15 515.00 1,2 318.55 29.966
316 SiH4 silane 7803-62-5 15.7100 269.70 0.2860 88.48 269.70 1,2 161.00 12.115
317 SiI4 silane, tetraiodo 13465-84-4 70.6907 944.00 0.3800 393.65 944.00 1,2 560.50 50.200
318 SiO2 silicon dioxide (alpha quartz) 14808-60-7 496.1346 4076.87 0.3800 1883.00 4076.87 1,2 2503.20 345.543
319 Si2C6H18O disiloxane, hexamethyl 107-46-0 49.3310 518.70 0.3592 204.93 518.70 1,2 373.67 31.211
320 Si2C6H19N disilazane, hexamethyl 999-97-3 54.0500 544.00 0.3380 293.15 544.00 1,2 399.15 34.
321 Si2Cl6 disilane, hexachloro 13465-77-5 41.7382 660.96 0.3800 271.95 660.96 1,2 418.15 28.528
322 Si2Cl6O disiloxane, hexachloro 14986-21-1 40.6393 655.58 0.3800 239.95 655.58 1,2 410.15 27.977
323 Si2F6 disilane, hexafluoro --- 25.5407 411.33 0.3800 254.55 411.33 1,2 254.25 17.716
324 Si2H5Cl disilanyl chloride --- 36.2647 506.89 0.3800 310.00 506.89 1,2 314.70 25.086
325 Si2H6 disilane 1590-87-0 29.2160 432.00 0.3508 140.65 432.00 1,2 259.00 21.194
326 Si2H6O disiloxane 13597-73-4 27.8843 416.86 0.3800 128.95 416.86 1,2 257.95 19.329
327 Si2OCl3F3 disiloxane, trichlorotrifluoro --- 30.5021 508.78 0.3800 310.00 508.78 1,2 315.89 21.099
328 Si3Cl8 octachlorotrisilane --- 45.9168 775.41 0.3800 450.00 775.41 1,2 484.55 31.634
329 Si3H8 trisilane 7783-26-8 41.2008 525.15 0.3800 155.95 525.15 1,2 326.05 28.500
330 Si3H9N trisilazane --- 33.3999 518.20 0.3800 167.45 518.20 1,2 321.85 23.099
331 Si4H10 tetrasilane 7783-29-1 37.9496 599.30 0.3800 179.55 599.30 1,2 380.55 25.875
332 Sm samarium 7440-19-9 201.2036 5082.92 0.3800 1345.15 5082.92 1,2 2067.15 165.000
333 Sn tin (white) 7440-31-5 356.9578 7400.00 0.3800 505.08 7400.00 1,2 2875.15 296.100
334 SnBr2 tin (ii) bromide 10031-24-0 147.6474 1466.09 0.3800 488.15 1466.09 1,2 912.15 102.000
335 SnBr4 stannic bromide 7789-67-5 63.1592 764.82 0.3800 304.15 764.82 1,2 478.15 43.500
336 SnCl2 stannous chloride 7772-99-8 124.6281 1459.53 0.3800 519.95 1459.53 1,2 896.15 86.800
337 SnCl4 stannic chloride 7646-78-8 50.6545 619.85 0.3800 242.95 619.85 1,2 387.30 34.900
338 SnH4 stannane 2406-52-2 27.4443 358.52 0.3800 123.25 358.52 1,2 221.35 19.050
339 SnI2 tin (ii) iodide 10294-70-9 149.2338 1635.64 0.3800 593.15 1635.64 1,2 987.15 105.000
340 SnI4 stannic iodide 7790-47-8 83.0365 1011.64 0.3800 417.65 1011.64 1,2 637.50 56.900
341 Sr strontium 7440-24-6 164.9699 4267.20 0.3800 1050.15 4267.20 1,2 1655.15 136.900
342 Ta tantalum 7440-25-7 833.7569 19900.90 0.3800 3290.15 19900.90 1,2 5731.15 732.800
343 TaBr5 tantalum (v) bromide 13451-11-1 91.7328 974.00 0.3800 538.15 974.00 1,2 622.15 62.300
344 TaCl5 tantalum (v) chloride 7721-01-9 83.3377 767.00 0.3800 489.15 767.00 1,2 512.50 54.800
345 TaF5 tantalum (v) fluoride 7783-71-3 83.6740 787.96 0.3800 368.25 787.96 1,2 502.35 56.900
346 TaI5 tantalum (v) iodide 14693-81-3 93.6334 1318.80 0.3800 769.15 1318.80 1,2 816.15 64.900
347 Tb terbium 7440-27-9 338.2124 11138.10 0.3800 1629.15 11138.10 1,2 3503.15 293.000
348 Tc technetium 7440-26-8 656.4098 17400.80 0.3800 2430.15 17400.80 1,2 4538.15 585.200
349 Te tellurium 13494-80-9 127.9689 4840.00 0.3800 722.66 4840.00 1,2 1261.15 114.100
350 TeCl4 tellurium tetrachloride 10026-07-0 110.0589 1083.31 0.3800 497.15 1083.31 1,2 660.15 77.000
351 TeF6 tellurium hexafluoride 7783-80-4 24.7532 380.18 0.3800 235.35 380.18 1,2 234.25 17.203
352 Th thorium 7440-29-1 584.3374 17668.05 0.3800 2023.15 17668.05 1,2 5061.15 514.000
353 Ti titanium 7440-32-6 578.7421 6400.00 0.3800 1941.15 6400.00 1,2 3560.15 425.000
354 TiBr4 titanium (iv) bromide 7789-68-6 64.8960 795.70 0.3800 312.15 795.70 1,2 503.15 44.370
355 TiCl2 titanium (ii) chloride 10049-06-6 331.8583 2906.02 0.3800 1308.15 2906.02 1,2 1773.15 232.000
356 TiCl3 titanium (iii) chloride 7705-07-9 180.0924 1971.57 0.3800 713.15 1971.57 1,2 1233.15 124.000
357 TiCl4 titanium tetrachloride 7550-45-0 48.6123 638.00 0.2870 249.05 638.00 1,2 409.00 36.227
358 TiI4 titanium (iv) iodide 7720-83-4 84.7900 1040.00 0.3800 423.15 1040.00 1,2 650.15 58.400
359 Tl thallium 7440-28-0 197.3455 4648.06 0.3800 577.15 4648.06 1,2 1746.15 165.000
360 TlBr thallous bromide 7789-40-4 142.9490 1778.75 0.3800 733.15 1778.75 1,2 1092.15 99.560
361 TlI thallium iodide 7790-30-9 150.4123 1785.26 0.3800 713.15 1785.26 1,2 1097.15 104.700
362 Tm thulium 7440-30-4 291.4985 6283.16 0.3800 1818.15 6283.16 1,2 2223.15 246.927
363 U uranium 7440-61-1 483.2505 13712.60 0.3800 1408.15 13712.60 1,2 4404.15 417.100
364 UCl4 uranium (iv) chloride 10026-10-5 208.6065 1661.19 0.3800 863.15 1661.19 1,2 1064.15 141.400
365 UF6 uranium fluoride 7783-81-5 43.1494 505.80 0.3800 342.35 505.80 1,2 329.65 28.900
366 V vanadium 7440-62-2 527.9465 11787.10 0.3800 2183.15 11787.10 1,2 3653.15 458.532
367 VCl4 vanadium tetrachloride 7632-51-1 51.9468 697.00 0.2448 247.45 697.00 1,2 425.00 41.258
368 VF5 vanadium (v) fluoride 7783-72-4 65.9302 499.01 0.3800 292.65 499.01 1,2 321.45 44.520
369 VOCl3 vanadium oxytrichloride 7727-18-6 53.6191 636.00 0.3800 193.65 636.00 1,2 400.00 36.789
370 W tungsten 7440-33-7 976.4192 14756.00 0.3800 3695.15 14756.00 1,2 5828.15 806.700
371 WBr5 tungsten (v) bromide 13470-11-6 122.2797 923.75 0.3800 559.15 923.75 1,2 606.15 81.500
372 WCl5 tungsten (v) chloride 13470-14-9 101.3609 861.73 0.3800 515.15 861.73 1,2 559.15 68.100
373 WCl6 tungsten (vi) chloride 13283-01-7 80.4608 923.00 0.3800 548.15 923.00 1,2 619.90 52.700
374 WF6 tungsten fluoride 7783-82-6 38.2551 468.56 0.3800 272.65 468.56 1,2 290.25 26.500
375 WOCl4 tungsten (vi) oxytetrachloride 13520-78-0 99.9917 782.00 0.3800 484.15 782.00 1,2 500.70 67.800
376 WOF4 tungsten (vi) oxytetrafluoride 13520-79-1 88.5417 707.67 0.3800 379.15 707.67 1,2 459.05 59.500
377 Xe xenon 7440-63-3 17.0905 289.74 0.3600 161.36 289.74 1,2 165.03 12.617
378 Y yttrium 7440-65-5 439.2399 9381.32 0.3800 1799.15 9381.32 1,2 3618.15 365.000
379 Yb ytterbium 7440-64-4 185.7459 4365.92 0.3800 1097.15 4365.92 1,2 1469.15 158.934
380 Zn zinc 7440-66-6 147.5455 3170.00 0.3803 692.68 3170.00 1,2 1180.15 123.600
381 ZnCl2 zinc chloride 7646-85-7 180.9121 1637.05 0.3800 638.15 1637.05 1,2 1005.15 126.000
382 ZnF2 zinc fluoride 7783-49-5 273.2275 2882.98 0.3800 1145.15 2882.98 1,2 1773.15 190.100
383 Zr zirconium 7440-67-7 764.6111 8802.00 0.3800 2128.15 8802.00 1,2 4682.15 573.000
384 ZrBr4 zirconium bromide 13777-25-8 89.0395 1026.30 0.3800 723.15 1026.30 1,2 633.15 61.834
